#id num_p mvir mbound_vir rvir vmax rvmax vrms x y z vx vy vz Jx Jy Jz E Spin PosUncertainty VelUncertainty bulk_vx bulk_vy bulk_vz BulkVelUnc n_core m200b m200c m500c m2500c Xoff Voff spin_bullock b_to_a c_to_a A[x] A[y] A[z] b_to_a(500c) c_to_a(500c) A[x](500c) A[y](500c) A[z](500c) Rs Rs_Klypin T/|U| M_pe_Behroozi M_pe_Diemer Type SM Gas BH idx i_so i_ph num_cp mmetric
#a = 0.090909
#Bounds: (0.000192, 0.000192, 0.411000) - (0.563900, 0.537800, 0.510638)
#Om = 0.315000; Ol = 0.685000; h = 0.674000
#FOF linking length: 0.280000
#Unbound Threshold: 0.500000; FOF Refinement Threshold: 0.700000
#Particle mass: 5.21122e+03 Msun/h
#Box size: 1.000000 Mpc/h
#Total particles processed: 32003
#Force resolution assumed: 0.000488281 Mpc/h
#Units: Masses in Msun / h
#Units: Positions in Mpc / h (comoving)
#Units: Velocities in km / s (physical, peculiar)
#Units: Halo Distances, Lengths, and Radii in kpc / h (comoving)
#Units: Angular Momenta in (Msun/h) * (Mpc/h) * km/s (physical)
#Units: Spins are dimensionless
#Units: Total energy in (Msun/h)*(km/s)^2 (physical)
#Note: idx, i_so, and i_ph are internal debugging quantities
#Np is an internal debugging quantity.
#Rockstar-Galaxies Version: 0.99.9-RC3-newA
54 77 7.296e+04 7.296e+04 1.038660 1.859255 0.998550 1.620756 0.458446 0.476899 0.509476 7.830128 -6.046062 8.449382 -0.549414 -1.79043 0.121929 -57156.1 0.0725591 0.000215 0.486385 7.830128 -6.046062 8.449382 0.486385 12 7.295711e+04 5.211222e+04 0.000000e+00 0.000000e+00 59.513561 0.929280 0.105674 0.767646 0.008581 -0.222980 0.296310 0.085554 0.000000 0.000000 0.000000 0.000000 0.000000 0.299822 0.299822 0.544623 1.595774e+05 7.816500e+04 0 0.000000e+00 0.000000e+00 0.000000e+00 2 -1 -1 187 10000000000.000000
55 46 5.211e+04 5.211e+04 0.928462 1.748855 0.806143 2.000322 0.464493 0.477442 0.510282 9.664544 -5.357211 9.361754 0.378138 -1.13769 -0.306661 -14958.4 0.0567605 0.000241 0.726907 9.664544 -5.357211 9.361754 0.726907 8 5.211222e+04 5.211222e+04 0.000000e+00 0.000000e+00 83.898155 1.448259 0.122079 0.708389 0.162533 -0.060152 0.310966 0.085309 0.000000 0.000000 0.000000 0.000000 0.000000 0.172627 0.172627 0.791353 6.953876e+04 3.126600e+04 0 0.000000e+00 0.000000e+00 0.000000e+00 3 2 -1 46 6.301877
56 32 2.606e+04 1.563e+04 0.621543 1.198614 0.514852 4.508801 0.500945 0.482594 0.467760 -13.457516 -6.736444 4.488039 -0.297381 0.120756 -0.0289679 30086 0.425265 0.000270 0.000000 -13.457516 -6.736444 4.488039 0.000000 3 1.563367e+04 1.563367e+04 0.000000e+00 0.000000e+00 279.280365 5.467823 0.236488 0.000000 0.000000 0.000000 0.000000 0.000000 0.000000 0.000000 0.000000 0.000000 0.000000 0.099567 0.099567 12.433379 2.442207e+04 1.042200e+04 0 0.000000e+00 0.000000e+00 0.000000e+00 4 6 -1 32 11.546217
57 1421 3.768e+06 3.643e+06 3.824635 6.958603 1.583566 7.449481 0.497268 0.483205 0.477843 -5.690770 -5.327965 8.204748 152.517 206.767 95.5925 -4.94375e+07 0.0176958 0.000032 0.606656 -5.441382 -5.945964 8.339952 0.291529 99 3.392506e+06 3.392506e+06 2.094911e+06 8.806966e+05 1.400025 0.929905 0.022800 0.698147 0.376835 -0.268991 -0.155168 0.537490 0.796703 0.471383 -0.178758 -0.153565 0.416536 0.859354 0.931000 0.673926 3.564887e+06 3.272508e+06 0 0.000000e+00 0.000000e+00 0.000000e+00 6 136 -1 2905 7.978302
58 220 5.837e+05 5.732e+05 2.064881 3.693786 1.301095 3.466275 0.501091 0.489254 0.471208 -8.424025 1.003490 7.650135 9.28699 -7.91475 -12.4772 -2.85474e+06 0.0275556 0.000067 0.352428 -8.359212 1.150772 7.663070 0.368306 99 5.367559e+05 5.367559e+05 3.543631e+05 1.094357e+05 7.611173 0.251285 0.031644 0.836178 0.282548 0.412064 -0.156097 -0.062054 0.424084 0.304250 0.210999 -0.100720 0.247579 0.789434 0.600955 0.543270 4.836198e+05 7.712280e+05 0 0.000000e+00 0.000000e+00 0.000000e+00 8 6 -1 220 4.953563
59 25 4.690e+04 4.169e+04 0.861908 1.522778 0.850622 2.182349 0.506318 0.488602 0.462994 -5.017503 -1.294508 10.155376 -1.08149 0.551414 0.231269 30735.6 0.141939 0.000292 1.153601 -5.017503 -1.294508 10.155376 1.153601 7 3.126733e+04 3.126733e+04 0.000000e+00 0.000000e+00 105.200775 1.484518 0.176835 0.230650 0.046544 -0.318898 0.523131 0.066937 0.000000 0.000000 0.000000 0.000000 0.000000 0.304138 0.304138 1.804156 3.906236e+04 5.732100e+04 0 0.000000e+00 0.000000e+00 0.000000e+00 10 12 -1 25 3.457720
60 29 1.199e+05 7.817e+04 1.062824 1.878709 1.047833 2.186384 0.504458 0.488941 0.467178 -6.308026 -0.574789 8.617402 2.24056 2.68929 1.42029 15113.5 0.063201 0.000176 0.785627 -6.308026 -0.574789 8.617402 0.785627 21 6.774589e+04 6.774589e+04 0.000000e+00 0.000000e+00 56.265812 0.894716 0.189592 0.762910 0.514105 -0.178003 0.006379 0.495816 0.000000 0.000000 0.000000 0.000000 0.000000 0.371146 0.371146 1.088925 6.467364e+04 8.858700e+04 0 0.000000e+00 0.000000e+00 0.000000e+00 11 12 -1 29 3.072283
61 869 7.035e+05 6.931e+05 2.199791 4.052194 1.276316 4.466476 0.506969 0.486734 0.465459 -5.006462 -1.573421 9.554626 -5.42004 -35.0904 18.9533 -2.03133e+06 0.0333483 0.000072 0.468354 -5.080479 -1.225661 9.539577 0.426346 99 6.670364e+05 6.670364e+05 4.585876e+05 0.000000e+00 6.372228 0.545883 0.053181 0.831738 0.314785 0.407210 0.091130 -0.158703 0.343447 0.270671 0.354212 0.124097 0.016732 0.806080 0.481609 0.771136 1.532931e+06 1.193319e+06 0 0.000000e+00 0.000000e+00 0.000000e+00 12 6 -1 956 6.625700
62 388 9.849e+05 9.224e+05 2.419665 4.642307 0.491949 4.388824 0.478796 0.494659 0.494354 2.217373 -17.120325 11.245646 9.65638 -16.7603 -11.9958 -5.71032e+06 0.0154756 0.000054 0.394397 2.748888 -16.698120 11.154704 0.352696 99 8.337956e+05 8.337956e+05 4.950661e+05 2.814060e+05 4.671100 0.382840 0.018678 0.507184 0.452341 -0.124296 -0.054068 0.398991 0.533972 0.421465 -0.091941 -0.056376 0.333530 1.053333 0.399807 0.610982 1.118606e+06 1.849905e+06 0 0.000000e+00 0.000000e+00 0.000000e+00 23 136 -1 473 6.528506
63 26 1.042e+05 7.296e+04 1.038660 1.890218 0.966105 2.412801 0.481337 0.495683 0.494359 6.117043 -14.457469 10.868008 -0.430296 -0.687019 -0.0860369 -17954.8 0.0176644 0.000169 0.719594 6.117043 -14.457469 10.868008 0.719594 18 7.295711e+04 7.295711e+04 3.647855e+04 0.000000e+00 60.579353 1.206370 0.045900 0.140910 0.002310 -0.072363 0.327464 -0.215168 0.294585 0.044790 0.010761 0.254729 -0.129274 0.252266 0.252266 0.885440 7.294911e+04 7.295400e+04 0 0.000000e+00 0.000000e+00 0.000000e+00 24 23 -1 26 2.767921
64 92 2.189e+05 1.511e+05 1.324027 2.354802 1.289464 3.482605 0.496112 0.489818 0.475724 -8.666320 -1.407719 5.167869 7.32274 -7.39383 4.49781 368486 0.180205 0.000181 0.699870 -8.666320 -1.407719 5.167869 0.699870 40 1.354918e+05 1.354918e+05 6.774589e+04 0.000000e+00 29.179884 0.168199 0.189637 0.212676 0.009162 0.554942 -0.178721 -0.455089 0.453668 0.145296 -0.206540 0.171938 0.192634 0.416702 0.416702 1.684522 1.325288e+05 1.719630e+05 0 0.000000e+00 0.000000e+00 0.000000e+00 36 6 -1 92 4.903279
65 77 6.775e+04 4.690e+04 0.896420 1.644579 0.820451 3.574799 0.475866 0.502198 0.490233 2.967763 -16.995625 6.547019 1.27665 0.000491172 1.01256 169499 0.327402 0.000184 1.734401 2.967763 -16.995625 6.547019 1.734401 11 4.690100e+04 4.690100e+04 0.000000e+00 0.000000e+00 94.311630 1.879603 0.191609 0.669441 0.335421 -0.005877 0.253363 0.215823 0.000000 0.000000 0.000000 0.000000 0.000000 0.202896 0.202896 3.693077 9.599949e+04 4.168800e+04 0 0.000000e+00 0.000000e+00 0.000000e+00 45 43 -1 77 2.179764
66 42 9.901e+04 6.775e+04 1.013317 1.802325 0.986727 2.672697 0.483805 0.490828 0.506152 9.163605 8.370366 -7.381781 0.043477 -1.63067 0.812368 150222 0.137467 0.000191 1.520963 9.163605 8.370366 -7.381781 1.520963 17 5.211222e+04 5.211222e+04 0.000000e+00 0.000000e+00 65.858986 0.913811 0.116099 0.302211 0.018165 -0.202900 0.291583 0.080543 0.000000 0.000000 0.000000 0.000000 0.000000 0.318587 0.318587 2.139972 5.674904e+04 7.295400e+04 0 0.000000e+00 0.000000e+00 0.000000e+00 113 136 -1 42 6.175691
67 77 5.211e+04 4.690e+04 0.896420 1.671122 0.794595 2.436062 0.486208 0.493429 0.506475 4.298213 1.418246 2.137515 0.0988453 0.579555 -0.540647 80519.6 0.110612 0.000195 1.133191 4.298213 1.418246 2.137515 1.133191 8 4.690100e+04 4.690100e+04 0.000000e+00 0.000000e+00 95.040840 0.615499 0.093922 0.126744 0.047255 0.568740 0.195375 0.172139 0.000000 0.000000 0.000000 0.000000 0.000000 0.179186 0.179186 2.527995 9.159966e+04 3.126600e+04 0 0.000000e+00 0.000000e+00 0.000000e+00 115 136 -1 77 6.916644
68 104 5.420e+05 5.003e+05 1.973277 4.298869 0.867211 3.611177 0.481410 0.481427 0.500608 2.884657 -11.487688 -13.115129 12.791 13.4535 16.1666 -3.37208e+06 0.0593687 0.000079 0.437077 2.835731 -11.517617 -13.055598 0.432834 99 5.002773e+05 5.002773e+05 4.377427e+05 1.719703e+05 8.966411 0.409222 0.056002 0.742890 0.494165 0.183689 0.366587 0.014788 0.516502 0.275529 0.124983 0.358275 0.022002 0.173449 0.173449 0.497250 5.631657e+05 2.344950e+05 0 0.000000e+00 0.000000e+00 0.000000e+00 125 136 -1 104 4.688107
69 79 5.889e+05 3.023e+05 1.668170 3.751822 0.630577 5.575522 0.481012 0.483202 0.502391 -4.080166 -11.940883 -6.114254 -2.36138 5.26704 -3.88207 1.41353e+06 0.0382839 0.000061 1.066402 -4.104700 -11.941828 -6.645838 1.015367 99 3.022509e+05 3.022509e+05 2.240825e+05 1.615479e+05 14.574636 0.922813 0.036651 0.915103 0.540642 -0.014664 0.277160 -0.208168 0.860652 0.508225 -0.052643 0.261813 -0.145361 0.128521 0.128521 1.419848 3.473504e+05 1.354860e+05 0 0.000000e+00 0.000000e+00 0.000000e+00 126 136 -1 119 1.983305
70 104 5.420e+05 4.377e+05 1.887371 6.081785 0.493275 5.646033 0.481514 0.485015 0.506860 -4.061227 -4.284158 0.660288 6.62151 -6.02372 -2.57175 -2.42202e+06 0.0265811 0.000024 0.878911 -4.095951 -4.388067 0.720043 0.865747 99 4.377427e+05 4.377427e+05 4.377427e+05 4.377427e+05 10.257015 0.831794 0.026470 0.601732 0.423308 0.115755 0.207241 0.048662 0.601732 0.423308 0.115755 0.207241 0.048662 0.042747 0.042747 0.746935 1.207644e+06 2.970270e+05 0 0.000000e+00 0.000000e+00 0.000000e+00 135 136 -1 104 0.475412
71 11508 6.335e+07 6.335e+07 9.909225 17.698257 8.344601 19.798859 0.481833 0.484715 0.505253 -5.479014 -5.706478 4.673873 7373.92 -9386.28 3438.7 -5.11377e+09 0.00646477 0.000029 0.858437 -3.689704 -5.736917 2.959844 0.179619 523 6.123186e+07 6.119017e+07 3.733841e+07 1.364819e+07 0.947545 2.478376 0.008849 0.423165 0.314178 -0.255146 0.349314 1.504695 0.390042 0.284997 -0.313700 0.229770 1.156445 2.544536 2.942219 0.708819 5.207757e+07 6.465685e+07 0 0.000000e+00 0.000000e+00 0.000000e+00 136 -1 -1 24562 10000000000.000000
72 49 2.553e+05 1.459e+05 1.308630 3.760139 0.488281 3.774507 0.481146 0.485041 0.507434 -6.319102 -6.298049 4.755138 -0.308901 -1.47933 0.315062 1.04196e+06 0.0450469 0.000036 2.081422 -6.319102 -6.298049 4.755138 2.081422 47 1.459142e+05 1.459142e+05 1.459142e+05 1.459142e+05 30.392000 3.959977 0.027378 0.638479 0.495324 0.074107 0.105127 0.104752 0.638479 0.495324 0.074107 0.105127 0.104752 0.042321 0.042321 1.946159 4.358506e+05 1.094310e+05 0 0.000000e+00 0.000000e+00 0.000000e+00 138 136 -1 49 0.870327
73 146 4.169e+04 3.648e+04 0.824385 1.449268 0.821714 2.275161 0.518022 0.479474 0.444624 -5.068111 1.307264 2.941860 0.44577 0.447948 -0.850745 67245.4 0.2514 0.000230 1.903278 -5.068111 1.307264 2.941860 1.903278 6 3.126733e+04 3.126733e+04 0.000000e+00 0.000000e+00 119.104492 1.221993 0.189449 0.000000 0.000000 -0.316799 0.483930 0.481218 0.000000 0.000000 0.000000 0.000000 0.000000 0.333569 0.333569 2.993406 5.196679e+04 6.253200e+04 0 0.000000e+00 0.000000e+00 0.000000e+00 151 -1 -1 146 10000000000.000000
74 119 2.606e+04 2.606e+04 0.736921 1.314197 0.713787 2.681448 0.428308 0.477564 0.506884 1.992415 -5.197818 8.241217 1.13559 -0.246714 0.283872 41066 0.514283 0.000278 0.000000 1.992415 -5.197818 8.241217 0.000000 3 0.000000e+00 0.000000e+00 0.000000e+00 0.000000e+00 163.624878 1.989016 0.374661 0.000000 0.000000 -0.121713 0.349104 -0.276268 0.000000 0.000000 0.000000 0.000000 0.000000 0.223183 0.223183 4.585218 1.457107e+05 2.605500e+04 0 0.000000e+00 0.000000e+00 0.000000e+00 154 -1 -1 119 10000000000.000000
75 99 3.648e+04 3.648e+04 0.824385 1.483940 0.783764 1.590829 0.441025 0.477028 0.508602 3.781220 -6.232717 8.274110 -0.240937 0.320354 0.219052 -24423.4 0.0653045 0.000234 0.531480 3.781220 -6.232717 8.274110 0.531480 5 3.647855e+04 3.647855e+04 0.000000e+00 0.000000e+00 117.879570 1.575354 0.081658 0.253296 0.111931 0.046992 0.242711 0.186754 0.000000 0.000000 0.000000 0.000000 0.000000 0.223209 0.223209 0.222861 1.175849e+05 3.647700e+04 0 0.000000e+00 0.000000e+00 0.000000e+00 155 -1 -1 99 10000000000.000000
76 87 5.211e+04 4.690e+04 0.896420 1.574965 0.894582 1.390425 0.435609 0.477462 0.509121 3.018723 -4.816141 7.827842 -0.306674 -0.187137 -0.267656 -26428.9 0.0355451 0.000207 0.994329 3.018723 -4.816141 7.827842 0.994329 8 4.168978e+04 4.168978e+04 0.000000e+00 0.000000e+00 91.457520 1.212349 0.052681 0.353380 0.000000 0.337772 0.172997 -0.110883 0.000000 0.000000 0.000000 0.000000 0.000000 0.372804 0.372804 0.532262 8.514484e+04 6.253200e+04 0 0.000000e+00 0.000000e+00 0.000000e+00 157 -1 -1 87 10000000000.000000
77 63 3.648e+04 3.648e+04 0.824385 1.468525 0.800304 1.653059 0.448926 0.477522 0.508737 5.468668 -5.810830 9.159441 -0.00494087 0.0505364 -0.0125621 -27451.5 0.00792813 0.000294 0.325383 5.468668 -5.810830 9.159441 0.325383 5 2.605611e+04 2.605611e+04 0.000000e+00 0.000000e+00 118.609383 1.735390 0.009351 0.540309 0.183527 0.031518 0.322186 0.184844 0.000000 0.000000 0.000000 0.000000 0.000000 0.253564 0.253564 0.109365 8.258519e+04 4.689900e+04 0 0.000000e+00 0.000000e+00 0.000000e+00 159 -1 -1 86 10000000000.000000
78 42 1.563e+04 1.042e+04 0.542968 1.004939 0.488281 3.842223 0.489668 0.487294 0.483614 -6.635225 -1.541917 8.685963 -0.191079 -0.117336 0.0630755 4069.9 0.311537 0.000316 0.000000 -6.635225 -1.541917 8.685963 0.000000 1 1.042244e+04 1.042244e+04 0.000000e+00 0.000000e+00 421.806641 5.669392 0.335974 0.000000 0.000000 0.000000 0.000000 0.000000 0.000000 0.000000 0.000000 0.000000 0.000000 0.114535 0.114535 0.000000 1.564699e+04 5.211000e+03 0 0.000000e+00 0.000000e+00 0.000000e+00 163 -1 -1 42 10000000000.000000
79 25 1.042e+04 1.042e+04 0.542968 1.004939 0.488281 3.555326 0.533516 0.477655 0.468168 -8.722925 -4.806392 1.389942 0 0 0 20.2434 0 0.000410 0.000000 -8.722925 -4.806392 1.389942 0.000000 0 1.042244e+04 1.042244e+04 0.000000e+00 0.000000e+00 427.762543 5.027991 0.000000 0.000000 0.000000 0.000000 0.000000 0.000000 0.000000 0.000000 0.000000 0.000000 0.000000 0.114535 0.114535 0.000000 3.969398e+04 0.000000e+00 0 0.000000e+00 0.000000e+00 0.000000e+00 166 -1 -1 25 10000000000.000000
