#id num_p mvir mbound_vir rvir vmax rvmax vrms x y z vx vy vz Jx Jy Jz E Spin PosUncertainty VelUncertainty bulk_vx bulk_vy bulk_vz BulkVelUnc n_core m200b m200c m500c m2500c Xoff Voff spin_bullock b_to_a c_to_a A[x] A[y] A[z] b_to_a(500c) c_to_a(500c) A[x](500c) A[y](500c) A[z](500c) Rs Rs_Klypin T/|U| M_pe_Behroozi M_pe_Diemer Type SM Gas BH idx i_so i_ph num_cp mmetric
#a = 0.090909
#Bounds: (0.000192, 0.000192, 0.510638) - (0.563900, 0.537800, 0.577600)
#Om = 0.315000; Ol = 0.685000; h = 0.674000
#FOF linking length: 0.280000
#Unbound Threshold: 0.500000; FOF Refinement Threshold: 0.700000
#Particle mass: 5.21122e+03 Msun/h
#Box size: 1.000000 Mpc/h
#Total particles processed: 31997
#Force resolution assumed: 0.000488281 Mpc/h
#Units: Masses in Msun / h
#Units: Positions in Mpc / h (comoving)
#Units: Velocities in km / s (physical, peculiar)
#Units: Halo Distances, Lengths, and Radii in kpc / h (comoving)
#Units: Angular Momenta in (Msun/h) * (Mpc/h) * km/s (physical)
#Units: Spins are dimensionless
#Units: Total energy in (Msun/h)*(km/s)^2 (physical)
#Note: idx, i_so, and i_ph are internal debugging quantities
#Np is an internal debugging quantity.
#Rockstar-Galaxies Version: 0.99.9-RC3-newA
0 1486 6.201e+06 6.201e+06 4.566813 8.181037 3.842265 8.202263 0.525939 0.457193 0.548918 -4.861132 1.183962 0.283266 607.326 -153.573 991.819 -1.46993e+08 0.0345282 0.000033 0.661473 -4.869815 1.065879 -0.107171 0.238473 99 5.992906e+06 5.992906e+06 3.350816e+06 1.276749e+06 0.817889 0.408102 0.040196 0.631407 0.575511 0.453939 0.581611 -0.044824 0.774549 0.651592 0.225718 0.471580 0.118765 1.506948 1.306209 0.583876 5.116814e+06 7.050483e+06 0 0.000000e+00 0.000000e+00 0.000000e+00 7 -1 -1 2209 10000000000.000000
1 69 1.251e+05 1.199e+05 1.225576 2.204429 1.065484 2.065809 0.530706 0.456897 0.550448 -11.526322 -0.445850 0.473169 4.4751 -4.25007 -0.97181 -112212 0.097833 0.000189 0.664281 -11.526322 -0.445850 0.473169 0.664281 22 1.146469e+05 1.146469e+05 5.732345e+04 0.000000e+00 38.631802 0.200330 0.153794 0.174258 0.041916 0.293399 0.277830 0.097290 0.744432 0.344079 0.108876 0.190646 -0.155746 0.334603 0.334603 0.691010 1.952298e+05 1.250640e+05 0 0.000000e+00 0.000000e+00 0.000000e+00 8 7 -1 69 4.054436
2 26 6.253e+04 3.648e+04 0.824385 1.475535 0.792718 1.630370 0.534967 0.457559 0.549029 -8.785723 0.222029 3.172562 0.499608 -1.3518 0.870583 65571.3 0.394406 0.000210 1.239062 -8.785723 0.222029 3.172562 1.239062 10 3.126733e+04 3.126733e+04 0.000000e+00 0.000000e+00 127.345581 1.837151 0.300985 0.000000 0.000000 0.464022 0.102580 -0.247359 0.000000 0.000000 0.000000 0.000000 0.000000 0.238279 0.238279 2.777224 5.494013e+04 4.689900e+04 0 0.000000e+00 0.000000e+00 0.000000e+00 9 11 -1 26 4.733912
3 550 1.933e+06 1.881e+06 3.068551 5.999599 1.013765 5.823279 0.538690 0.458103 0.551401 -7.128905 -5.713587 -0.097092 35.9113 -83.5317 -173.663 -1.97556e+07 0.0417305 0.000045 0.480367 -7.219934 -6.176548 -0.416146 0.321268 99 1.808294e+06 1.808294e+06 1.214215e+06 6.253467e+05 2.686792 0.749156 0.049041 0.740928 0.463987 0.409349 0.176202 0.268703 0.660640 0.377199 0.350142 0.090330 0.243984 0.768327 0.453915 0.625213 1.545678e+06 1.881171e+06 0 0.000000e+00 0.000000e+00 0.000000e+00 11 7 -1 606 4.123780
4 168 6.566e+05 6.566e+05 2.160501 4.142506 0.732763 3.254705 0.479501 0.455057 0.537801 -5.858749 3.718784 0.481437 13.7267 26.4906 13.963 -5.37377e+06 0.0508183 0.000055 0.305242 -6.170341 3.880316 0.475687 0.298212 99 6.357691e+05 6.357691e+05 4.325314e+05 1.980264e+05 6.618598 0.293516 0.047631 0.526980 0.385191 0.172939 0.391269 0.084018 0.558782 0.333176 0.131962 0.328805 0.065855 0.975575 0.358344 0.383874 5.543288e+05 8.754480e+05 0 0.000000e+00 0.000000e+00 0.000000e+00 14 16 -1 179 2.934784
5 695 2.027e+06 2.027e+06 3.145918 6.130604 1.325149 5.997429 0.475375 0.454123 0.540750 -3.212860 2.608962 -5.811529 59.5941 -11.8415 160.626 -2.67696e+07 0.0353074 0.000037 0.537254 -3.979151 2.582266 -5.579115 0.306843 99 1.943786e+06 1.943786e+06 1.433086e+06 5.836569e+05 1.961802 0.796007 0.037935 0.683005 0.553114 0.515837 0.220835 -0.071969 0.755773 0.622893 0.416128 -0.011979 -0.120628 0.436751 0.474132 0.571282 1.720559e+06 1.292328e+06 0 0.000000e+00 0.000000e+00 0.000000e+00 16 -1 -1 874 10000000000.000000
6 189 6.306e+05 6.306e+05 2.131536 3.894113 1.512118 2.816096 0.457026 0.518128 0.545692 -0.673290 -9.916299 -3.526653 -5.36715 -3.68753 29.2528 -5.1111e+06 0.0498916 0.000105 0.272949 -0.767564 -9.812141 -3.614913 0.263532 99 5.940793e+05 5.940793e+05 3.908417e+05 0.000000e+00 7.317939 0.213209 0.046358 0.712095 0.448426 -0.003346 0.489052 -0.303314 0.711336 0.616932 -0.002168 0.351231 -0.260525 0.646599 0.500108 0.314453 5.218229e+05 6.930630e+05 0 0.000000e+00 0.000000e+00 0.000000e+00 18 -1 -1 189 10000000000.000000
7 64 1.563e+04 1.563e+04 0.621543 1.166450 0.543637 3.436772 0.452991 0.481218 0.511722 6.118910 -2.990270 10.500061 -0.0459094 0.0200092 0.0167283 -824.595 0.011535 0.000302 0.000000 6.118910 -2.990270 10.500061 0.000000 1 1.563367e+04 1.563367e+04 0.000000e+00 0.000000e+00 278.548370 4.171784 0.038746 0.000000 0.000000 0.000000 0.000000 0.000000 0.000000 0.000000 0.000000 0.000000 0.000000 0.118502 0.118502 0.686634 8.593057e+04 1.042200e+04 0 0.000000e+00 0.000000e+00 0.000000e+00 19 21 -1 64 8.537914
8 161 5.732e+04 5.732e+04 0.958433 1.699016 0.939545 1.322834 0.548453 0.446443 0.527870 -3.841441 3.732713 1.776035 0.146245 -0.184637 -0.145449 -33076.3 0.0148782 0.000362 0.554728 -3.841441 3.732713 1.776035 0.554728 9 4.168978e+04 4.168978e+04 0.000000e+00 0.000000e+00 80.255920 0.513005 0.023298 0.797903 0.087123 0.301316 0.067935 0.231192 0.000000 0.000000 0.000000 0.000000 0.000000 0.317646 0.317646 0.563252 1.857197e+05 9.379800e+04 0 0.000000e+00 0.000000e+00 0.000000e+00 23 -1 -1 161 10000000000.000000
9 150 1.407e+05 1.407e+05 1.292862 2.369571 1.009969 1.671793 0.519939 0.456720 0.515399 -7.738122 3.057366 3.569588 -1.18716 -0.459639 -2.24536 -304669 0.0446045 0.000194 0.363165 -7.738122 3.057366 3.569588 0.363165 25 1.354918e+05 1.354918e+05 3.647855e+04 0.000000e+00 32.066628 0.335319 0.048638 0.277255 0.011087 0.440095 -0.086181 0.153219 0.215937 0.085918 0.353353 0.024039 0.168568 0.295043 0.295043 0.377565 2.113822e+05 1.302750e+05 0 0.000000e+00 0.000000e+00 0.000000e+00 24 -1 -1 150 10000000000.000000
10 88 3.127e+04 2.084e+04 0.684097 1.237359 0.644152 1.591282 0.490833 0.457005 0.538098 -6.325364 0.189432 -2.648685 0.384487 0.0494528 0.162753 20396.6 0.222531 0.000259 3.481589 -6.325364 0.189432 -2.648685 3.481589 4 2.084489e+04 2.084489e+04 0.000000e+00 0.000000e+00 214.810440 2.232839 0.191011 0.612072 0.067071 0.089052 -0.238556 0.346277 0.000000 0.000000 0.000000 0.000000 0.000000 0.176171 0.176171 3.456131 3.886778e+04 2.084400e+04 0 0.000000e+00 0.000000e+00 0.000000e+00 25 -1 -1 88 10000000000.000000
11 83 2.084e+04 2.084e+04 0.684097 1.229254 0.652675 1.977577 0.501815 0.458503 0.522480 -7.225534 4.151848 0.812938 -0.1734 0.0888811 -0.293184 -333.7 0.0238325 0.000285 0.000000 -7.225534 4.151848 0.812938 0.000000 2 2.084489e+04 2.084489e+04 0.000000e+00 0.000000e+00 214.410126 2.093249 0.159933 0.941875 0.517615 -0.078696 0.300353 0.062553 0.000000 0.000000 0.000000 0.000000 0.000000 0.188846 0.188846 0.950949 1.168469e+05 2.084400e+04 0 0.000000e+00 0.000000e+00 0.000000e+00 26 -1 -1 83 10000000000.000000
12 62 5.732e+04 5.732e+04 0.958433 1.683263 0.957213 1.051502 0.508283 0.456124 0.547611 -2.250840 0.661196 -2.657818 0.184554 0.30821 0.191814 -44722.6 0.0254506 0.000223 0.453864 -2.250840 0.661196 -2.657818 0.453864 9 4.168978e+04 4.168978e+04 0.000000e+00 0.000000e+00 79.750847 0.322278 0.034274 0.494585 0.071538 0.324746 -0.166408 0.298483 0.000000 0.000000 0.000000 0.000000 0.000000 0.407697 0.407697 0.402227 8.119062e+04 1.146420e+05 0 0.000000e+00 0.000000e+00 0.000000e+00 27 -1 -1 62 10000000000.000000
13 51 2.606e+04 2.606e+04 0.736921 1.310530 0.717787 2.550043 0.510133 0.483950 0.533505 -9.461776 -7.794948 -4.797164 0.0870741 -0.554099 0.0863877 2382.56 0.0587672 0.000269 0.000000 -9.461776 -7.794948 -4.797164 0.000000 3 0.000000e+00 0.000000e+00 0.000000e+00 0.000000e+00 176.560257 2.632863 0.177742 0.631932 0.122252 -0.097215 0.038631 0.535088 0.000000 0.000000 0.000000 0.000000 0.000000 0.232173 0.232173 1.203928 5.828077e+04 3.647700e+04 0 0.000000e+00 0.000000e+00 0.000000e+00 31 -1 -1 51 10000000000.000000
14 37 3.127e+04 3.127e+04 0.783095 1.390001 0.765669 1.373893 0.498048 0.454310 0.545356 -3.880129 0.726348 -5.250457 0.0847572 0.0838434 -0.101289 -7930.33 0.0187359 0.000254 1.154598 -3.880129 0.726348 -5.250457 1.154598 4 2.605611e+04 2.605611e+04 0.000000e+00 0.000000e+00 144.498093 1.094815 0.036157 0.307563 0.039225 0.351061 0.218762 -0.149074 0.000000 0.000000 0.000000 0.000000 0.000000 0.254041 0.254041 0.642346 5.876097e+04 3.126600e+04 0 0.000000e+00 0.000000e+00 0.000000e+00 38 -1 -1 37 10000000000.000000
15 35 1.042e+04 1.042e+04 0.542968 1.004939 0.488281 1.920076 0.503094 0.455404 0.546387 -3.075682 0.703299 -4.420303 0 0 0 15.1638 0 0.000358 0.000000 -3.075682 0.703299 -4.420303 0.000000 0 1.042244e+04 1.042244e+04 0.000000e+00 0.000000e+00 435.605499 2.715397 0.000000 0.000000 0.000000 0.000000 0.000000 0.000000 0.000000 0.000000 0.000000 0.000000 0.000000 0.114535 0.114535 0.000000 5.555900e+04 5.211000e+03 0 0.000000e+00 0.000000e+00 0.000000e+00 39 -1 -1 35 10000000000.000000
16 32 1.563e+04 1.563e+04 0.621543 1.121982 0.587583 2.293722 0.457955 0.465098 0.528618 -2.529818 1.559973 -7.724264 -0.00811043 -0.0316799 0.0406571 -1246.53 0.0140148 0.000426 0.000000 -2.529818 1.559973 -7.724264 0.000000 1 1.563367e+04 1.563367e+04 0.000000e+00 0.000000e+00 280.195312 2.758779 0.038288 0.000000 0.000000 0.000000 0.000000 0.000000 0.000000 0.000000 0.000000 0.000000 0.000000 0.163327 0.163327 0.526289 2.777970e+04 1.563300e+04 0 0.000000e+00 0.000000e+00 0.000000e+00 41 -1 -1 32 10000000000.000000
17 30 1.042e+04 1.042e+04 0.542968 0.985449 0.507787 5.744253 0.508337 0.490280 0.520226 -14.154471 -7.951634 -0.627690 0 0 0 2.90353 0 0.000538 0.000000 -14.154471 -7.951634 -0.627690 0.000000 0 1.042244e+04 1.042244e+04 0.000000e+00 0.000000e+00 438.666107 8.123600 0.000000 0.000000 0.000000 0.000000 0.000000 0.000000 0.000000 0.000000 0.000000 0.000000 0.000000 0.135256 0.135256 0.000000 3.520122e+04 1.042200e+04 0 0.000000e+00 0.000000e+00 0.000000e+00 42 -1 -1 30 10000000000.000000
18 26 2.084e+04 2.084e+04 0.684097 1.289534 0.593081 1.705918 0.454603 0.453628 0.548414 -3.835692 3.448884 -4.925426 -0.23523 0.0228593 -0.132554 -2231.95 0.0474439 0.000451 0.000000 -3.835692 3.448884 -4.925426 0.000000 2 2.084489e+04 2.084489e+04 0.000000e+00 0.000000e+00 211.327530 1.783031 0.123108 0.838106 0.286198 0.103803 0.223951 -0.202584 0.000000 0.000000 0.000000 0.000000 0.000000 0.126551 0.126551 0.707231 3.249662e+04 1.042200e+04 0 0.000000e+00 0.000000e+00 0.000000e+00 47 -1 -1 26 10000000000.000000
19 26 1.563e+04 1.563e+04 0.621543 1.106600 0.604032 1.878724 0.446641 0.453168 0.548773 -3.950119 3.455363 -4.284996 0.0432152 -0.00679304 0.0113008 -1653.04 0.0139755 0.000397 0.000000 -3.950119 3.455363 -4.284996 0.000000 1 1.042244e+04 1.042244e+04 0.000000e+00 0.000000e+00 280.116699 2.258420 0.033156 0.000000 0.000000 0.000000 0.000000 0.000000 0.000000 0.000000 0.000000 0.000000 0.000000 0.192619 0.192619 0.371806 3.266889e+04 1.563300e+04 0 0.000000e+00 0.000000e+00 0.000000e+00 48 -1 -1 26 10000000000.000000
20 34 7.817e+04 7.817e+04 1.062824 1.885872 1.039888 1.594741 0.422638 0.465806 0.543758 -2.893701 -9.018414 -3.568925 1.0482 1.66704 0.0727311 -75672.1 0.0737717 0.000181 0.494382 -2.893701 -9.018414 -3.568925 0.494382 13 5.211222e+04 5.211222e+04 4.168978e+04 0.000000e+00 55.383091 0.674759 0.098901 0.420382 0.119811 0.079178 -0.122100 0.287072 0.238464 0.000000 0.015987 0.121027 0.091943 0.346702 0.346702 0.520221 1.111974e+05 9.379800e+04 0 0.000000e+00 0.000000e+00 0.000000e+00 113 122 -1 72 3.323055
21 38 4.690e+04 4.690e+04 0.896420 1.577556 0.891646 1.517723 0.425082 0.465436 0.541659 -2.875401 -9.412282 -3.834850 -0.466875 0.190153 1.25992 -25297 0.105337 0.000247 0.588963 -2.875401 -9.412282 -3.834850 0.588963 7 2.605611e+04 2.605611e+04 0.000000e+00 0.000000e+00 92.345795 1.173604 0.159575 0.861164 0.459472 -0.077414 0.264609 0.354675 0.000000 0.000000 0.000000 0.000000 0.000000 0.349204 0.349204 0.513816 8.138172e+04 9.379800e+04 0 0.000000e+00 0.000000e+00 0.000000e+00 114 113 -1 38 3.174258
22 30 2.084e+04 2.084e+04 0.684097 1.349353 0.541662 0.874072 0.408939 0.457501 0.550945 -2.470922 -1.532522 -1.103848 -0.149949 -0.255684 0.091465 -4474.17 0.0768977 0.000291 0.000000 -2.470922 -1.532522 -1.103848 0.000000 2 2.084489e+04 2.084489e+04 0.000000e+00 0.000000e+00 206.203400 0.777519 0.140930 0.326833 0.134864 0.296290 -0.175115 -0.188255 0.000000 0.000000 0.000000 0.000000 0.000000 0.096392 0.096392 0.433236 4.533354e+04 5.211000e+03 0 0.000000e+00 0.000000e+00 0.000000e+00 115 116 -1 30 7.198975
23 70 1.042e+04 1.042e+04 0.542968 0.980802 0.512610 2.498797 0.410764 0.462241 0.553140 -3.005798 -5.869823 -2.542099 0 0 0 14.5988 0 0.000288 0.000000 -3.005798 -5.869823 -2.542099 0.000000 0 1.042244e+04 1.042244e+04 0.000000e+00 0.000000e+00 414.866821 3.533833 0.000000 0.000000 0.000000 0.000000 0.000000 0.000000 0.000000 0.000000 0.000000 0.000000 0.000000 0.141696 0.141696 0.000000 7.260218e+04 1.042200e+04 0 0.000000e+00 0.000000e+00 0.000000e+00 117 118 -1 70 4.496740
24 34 2.084e+04 2.084e+04 0.684097 1.323264 0.563232 1.922353 0.413581 0.463672 0.551550 -2.203473 -7.727693 -2.368614 0.176098 0.230671 -0.00213382 -2905.63 0.0579765 0.000271 0.000000 -2.203473 -7.727693 -2.368614 0.000000 2 2.084489e+04 2.084489e+04 0.000000e+00 0.000000e+00 207.878311 2.094380 0.131850 0.545018 0.240881 -0.036149 0.253952 0.298322 0.000000 0.000000 0.000000 0.000000 0.000000 0.107632 0.107632 0.599616 9.459251e+04 5.211000e+03 0 0.000000e+00 0.000000e+00 0.000000e+00 118 120 -1 104 5.184344
25 67 3.127e+04 3.127e+04 0.783095 1.387891 0.767998 2.122885 0.417104 0.465839 0.548788 -2.478862 -9.032168 -2.933464 0.697553 -0.403812 -0.798952 14064.2 0.181007 0.000263 1.848018 -2.478862 -9.032168 -2.933464 1.848018 4 1.042244e+04 1.042244e+04 0.000000e+00 0.000000e+00 138.746384 1.635798 0.262304 0.380613 0.166827 0.149607 0.362961 -0.037833 0.000000 0.000000 0.000000 0.000000 0.000000 0.260505 0.260505 1.730070 2.801793e+05 5.732100e+04 0 0.000000e+00 0.000000e+00 0.000000e+00 120 128 -1 308 8.072000
26 37 4.690e+04 4.690e+04 0.896420 1.617506 0.848146 1.382285 0.415362 0.467864 0.549988 -1.670811 -11.148756 -1.945215 -0.132385 0.236771 -0.156268 -46901.2 0.0330884 0.000235 0.390555 -1.670811 -11.148756 -1.945215 0.390555 7 4.690100e+04 4.690100e+04 0.000000e+00 0.000000e+00 92.570572 1.271095 0.036813 0.239856 0.082450 -0.035814 0.442534 -0.154997 0.000000 0.000000 0.000000 0.000000 0.000000 0.236574 0.236574 0.160034 5.403365e+04 4.689900e+04 0 0.000000e+00 0.000000e+00 0.000000e+00 121 120 -1 37 3.682582
27 28 5.732e+04 5.732e+04 0.958433 1.763865 0.871729 1.494406 0.419949 0.465693 0.546178 -2.871603 -8.566348 -3.334280 -1.21821 -0.30836 -0.27744 -40183.9 0.0762343 0.000227 0.559444 -2.871603 -8.566348 -3.334280 0.559444 9 5.732345e+04 5.732345e+04 0.000000e+00 0.000000e+00 75.601448 0.875497 0.108307 0.827418 0.572784 0.349046 0.058530 -0.026635 0.000000 0.000000 0.000000 0.000000 0.000000 0.211417 0.211417 0.525135 9.978707e+04 4.689900e+04 0 0.000000e+00 0.000000e+00 0.000000e+00 122 120 -1 100 3.480610
28 67 4.690e+04 4.690e+04 0.896420 1.603049 0.863513 1.757762 0.430103 0.447444 0.536805 -1.329967 6.299337 1.477833 0.481111 -0.177824 0.368276 10050.2 0.0308941 0.000336 0.916086 -1.329967 6.299337 1.477833 0.916086 7 4.168978e+04 4.168978e+04 0.000000e+00 0.000000e+00 91.224388 0.733960 0.074252 0.879827 0.021286 0.152793 0.260197 -0.023864 0.000000 0.000000 0.000000 0.000000 0.000000 0.261952 0.261952 1.194094 8.485928e+04 4.689900e+04 0 0.000000e+00 0.000000e+00 0.000000e+00 123 125 -1 67 7.705948
29 83 9.380e+04 9.380e+04 1.129419 1.999707 1.109838 1.550002 0.428424 0.454638 0.539340 -2.805018 3.259115 -2.838531 1.18525 1.3955 -1.11416 -96190.6 0.0573488 0.000224 0.448567 -2.805018 3.259115 -2.838531 0.448567 16 6.774589e+04 6.774589e+04 0.000000e+00 0.000000e+00 45.765732 0.286244 0.079383 0.253747 0.033467 -0.010102 0.462062 -0.044511 0.000000 0.000000 0.000000 0.000000 0.000000 0.382304 0.382304 0.508437 1.936167e+05 1.563300e+05 0 0.000000e+00 0.000000e+00 0.000000e+00 124 129 -1 83 6.936932
30 488 9.276e+05 9.120e+05 2.410517 4.233497 2.407461 3.397251 0.437018 0.451649 0.534861 -3.042225 4.918375 4.243026 31.2456 -18.3017 -14.7853 -7.91642e+06 0.0322149 0.000100 0.316463 -2.994152 5.008915 3.945412 0.264708 99 8.337956e+05 8.337956e+05 4.950661e+05 0.000000e+00 4.876826 0.273371 0.032711 0.878664 0.200897 -0.082490 0.166105 0.513671 0.769622 0.137911 0.436585 -0.213013 0.065977 1.329215 1.025550 0.393390 9.087188e+05 1.907226e+06 0 0.000000e+00 0.000000e+00 0.000000e+00 125 129 -1 555 5.444126
31 295 7.765e+05 7.765e+05 2.284685 4.021359 2.271749 2.480935 0.427919 0.461582 0.529618 1.406296 1.659440 9.970689 15.7235 20.6175 -0.789539 -6.77392e+06 0.0295463 0.000121 0.234823 1.290715 1.718524 9.893342 0.208069 99 7.087262e+05 7.087262e+05 2.709836e+05 0.000000e+00 5.503644 0.195858 0.028364 0.454382 0.346508 -0.144261 0.411316 0.600079 0.842398 0.462596 -0.097971 0.352881 0.226274 2.195945 0.885236 0.247629 7.925674e+05 1.532034e+06 0 0.000000e+00 0.000000e+00 0.000000e+00 127 129 -1 295 3.870312
32 278 1.824e+05 1.824e+05 1.409679 2.526343 1.352083 2.213627 0.419138 0.460026 0.541925 -0.411703 -3.288957 -1.020836 -0.716644 1.74479 0.602625 -259650 0.0165115 0.000195 0.415813 -0.411703 -3.288957 -1.020836 0.415813 33 1.823928e+05 1.823928e+05 5.211222e+04 0.000000e+00 23.444445 0.099093 0.024211 0.151110 0.000000 -0.303501 -0.422383 0.466724 0.378893 0.000000 0.028874 0.352016 -0.200445 0.401244 0.401244 0.632489 5.980776e+05 2.188620e+05 0 0.000000e+00 0.000000e+00 0.000000e+00 128 129 -1 655 7.329825
33 513 1.506e+06 1.485e+06 2.836041 4.984331 2.828466 5.651174 0.428708 0.461235 0.535067 -0.354855 -2.858324 -0.724064 147.396 -66.2977 -15.4042 310107 0.00781927 0.000151 0.553871 -0.281884 -2.429865 0.068888 0.345858 99 1.261116e+06 1.261116e+06 5.211222e+04 0.000000e+00 2.486017 0.765737 0.060230 0.672591 0.378394 0.728603 0.336280 -0.426863 0.280023 0.149370 0.267285 -0.047136 0.265514 2.818825 1.161812 1.013170 3.583564e+06 8.650260e+06 0 0.000000e+00 0.000000e+00 0.000000e+00 129 -1 -1 2686 26.116058
34 114 7.296e+04 7.296e+04 1.038660 2.031338 0.776781 1.774219 0.430435 0.463516 0.535011 -0.959602 -1.184557 0.836698 0.382981 -0.606977 -1.04044 -36199.6 0.0388893 0.000175 0.637337 -0.959602 -1.184557 0.836698 0.637337 12 6.774589e+04 6.774589e+04 3.126733e+04 0.000000e+00 59.248306 0.124213 0.071168 0.465841 0.025390 0.271213 -0.244337 0.104104 0.721040 0.072944 0.291734 0.029757 0.044149 0.153406 0.153406 0.757340 1.493282e+05 3.126600e+04 0 0.000000e+00 0.000000e+00 0.000000e+00 130 129 -1 114 2.562793
35 45 1.251e+05 1.199e+05 1.225576 2.154990 1.221116 1.900167 0.431595 0.463900 0.534207 -1.914145 -1.871061 0.260787 -0.993845 -2.45795 1.74939 -121568 0.0517715 0.000153 0.690037 -1.914145 -1.871061 0.260787 0.690037 22 8.859077e+04 8.859077e+04 4.690100e+04 0.000000e+00 36.148060 0.537947 0.078191 0.889852 0.215242 0.018605 0.342931 0.039891 0.932284 0.126841 0.323089 -0.036802 -0.015821 0.491941 0.491941 0.656607 1.098225e+05 1.719630e+05 0 0.000000e+00 0.000000e+00 0.000000e+00 131 132 -1 45 1.986848
36 152 9.901e+05 9.172e+05 2.415100 4.242212 2.411280 5.004505 0.432354 0.462434 0.533898 -1.348631 -5.252462 -0.779531 53.9047 -6.32638 -5.55527 1.33939e+06 0.018222 0.000157 0.539067 -1.354051 -5.028765 -0.561199 0.381354 99 6.514028e+05 6.357691e+05 4.690100e+04 0.000000e+00 4.627201 0.139822 0.045196 0.584098 0.374207 -0.007509 -0.218186 0.725679 0.389993 0.084054 0.230777 -0.029508 0.133492 2.315482 1.017497 1.127974 8.662694e+05 1.990602e+06 0 0.000000e+00 0.000000e+00 0.000000e+00 132 129 -1 450 2.165883
37 177 3.492e+05 3.127e+05 1.687128 2.966890 1.680614 4.611152 0.435150 0.461356 0.533239 -1.064745 -6.702158 -0.316088 7.81924 -9.10521 -6.39314 1.65926e+06 0.0744959 0.000150 0.638003 -1.064745 -6.702158 -0.316088 0.638003 65 2.449274e+05 2.449274e+05 7.295711e+04 0.000000e+00 13.812490 0.378938 0.067712 0.515214 0.080997 0.313732 0.222010 -0.322048 0.623392 0.169027 0.098034 0.245046 -0.235334 0.674314 0.674314 1.947592 3.958127e+05 5.627880e+05 0 0.000000e+00 0.000000e+00 0.000000e+00 133 132 -1 253 1.717214
38 76 8.859e+04 5.732e+04 0.958433 1.689333 0.950347 3.810034 0.437127 0.463032 0.531917 -0.304749 -5.030097 2.183194 -2.82138 -0.158884 1.68807 422113 0.631991 0.000195 1.728722 -0.304749 -5.030097 2.183194 1.728722 15 4.168978e+04 4.168978e+04 0.000000e+00 0.000000e+00 75.469032 1.497226 0.277031 0.893746 0.185282 -0.275329 0.310005 -0.004098 0.000000 0.000000 0.000000 0.000000 0.000000 0.356979 0.356979 5.403265 8.596503e+04 8.858700e+04 0 0.000000e+00 0.000000e+00 0.000000e+00 135 133 -1 76 2.329218
39 60 2.084e+04 2.084e+04 0.684097 1.266682 0.614674 3.218462 0.447586 0.467773 0.528224 1.933280 -0.283953 4.051976 0.595091 -0.774012 -0.935877 90341.4 1.50652 0.000233 0.000000 1.933280 -0.283953 4.051976 0.000000 2 2.084489e+04 2.084489e+04 0.000000e+00 0.000000e+00 209.071686 1.124631 0.614438 0.682470 0.391989 0.242369 0.339084 0.173974 0.000000 0.000000 0.000000 0.000000 0.000000 0.143836 0.143836 14.721390 1.317689e+05 5.211000e+03 0 0.000000e+00 0.000000e+00 0.000000e+00 137 140 -1 114 2.934101
40 273 9.380e+04 8.859e+04 1.108104 1.988346 0.748371 3.838454 0.442516 0.464330 0.530381 1.065761 -3.308956 4.303218 1.10929 -3.22586 -0.380527 459863 0.231662 0.000164 1.276133 1.065761 -3.308956 4.303218 1.276133 16 7.816834e+04 7.816834e+04 5.211222e+04 0.000000e+00 48.924046 0.257017 0.139837 0.194729 0.014835 0.096790 0.372335 -0.205321 0.000000 0.000000 0.091076 0.439346 -0.224650 0.310847 0.310847 3.154844 5.183023e+05 1.042200e+05 0 0.000000e+00 0.000000e+00 0.000000e+00 139 149 -1 564 12.181340
41 177 1.407e+05 1.146e+05 1.207550 2.122993 1.203498 4.428744 0.444396 0.466181 0.529129 1.133092 -2.895538 2.871868 -3.01532 -1.03949 6.31452 931023 0.356592 0.000208 1.121940 1.133092 -2.895538 2.871868 1.121940 25 3.647855e+04 3.647855e+04 0.000000e+00 0.000000e+00 37.800777 1.006354 0.187535 0.632516 0.008015 0.334309 0.305569 -0.240610 0.000000 0.000000 0.000000 0.000000 0.000000 0.487451 0.487451 4.360776 3.185933e+05 2.657610e+05 0 0.000000e+00 0.000000e+00 0.000000e+00 140 139 -1 291 1.937848
42 93 1.042e+04 1.042e+04 0.542968 1.004939 0.488281 2.244087 0.453614 0.468176 0.527797 1.939816 5.641529 2.167414 0 0 0 12.5227 0 0.000221 0.000000 1.939816 5.641529 2.167414 0.000000 0 1.042244e+04 1.042244e+04 0.000000e+00 0.000000e+00 419.542694 3.173619 0.000000 0.000000 0.000000 0.000000 0.000000 0.000000 0.000000 0.000000 0.000000 0.000000 0.000000 0.114535 0.114535 0.000000 7.705209e+04 5.211000e+03 0 0.000000e+00 0.000000e+00 0.000000e+00 144 149 -1 93 10.094299
43 72 3.075e+05 2.658e+05 1.598163 3.305820 0.857324 3.241481 0.462076 0.474216 0.517620 -3.726609 -4.497148 -1.001056 3.21822 -4.6309 0.612772 -579614 0.027573 0.000068 0.624927 -3.726609 -4.497148 -1.001056 0.624927 57 2.657723e+05 2.657723e+05 2.240825e+05 0.000000e+00 16.273283 0.561464 0.037033 0.785058 0.407998 -0.230999 -0.250664 0.153617 0.680393 0.178906 -0.021812 0.274797 0.168769 0.177103 0.177103 0.714183 2.744992e+05 1.302750e+05 0 0.000000e+00 0.000000e+00 0.000000e+00 148 149 -1 72 2.160413
44 2328 6.358e+06 6.139e+06 4.551410 8.020280 3.879013 8.981622 0.462897 0.471700 0.519308 5.436207 -2.355868 0.492110 -1475.9 -1364.84 1195.27 -4.47738e+07 0.0389669 0.000026 0.599175 2.035955 -1.330436 -0.995401 0.265778 99 5.742767e+06 5.721922e+06 2.808849e+06 9.432312e+05 0.565789 3.494349 0.081503 0.532250 0.436387 0.293049 -0.085348 0.658071 0.512239 0.432816 0.138176 -0.064935 0.471199 2.480538 1.706461 0.862486 5.533791e+06 1.116196e+07 0 0.000000e+00 0.000000e+00 0.000000e+00 149 -1 -1 3209 6.120901
45 41 1.511e+05 1.146e+05 1.207550 2.146461 1.123811 2.519963 0.466925 0.472920 0.522336 7.208352 -4.783902 -1.891191 -0.190432 0.264124 -1.03701 68186.2 0.0148271 0.000182 0.741708 7.208352 -4.783902 -1.891191 0.741708 27 1.094357e+05 1.094357e+05 0.000000e+00 0.000000e+00 38.371468 0.518043 0.028814 0.679519 0.176321 0.355309 0.364206 0.299664 0.000000 0.000000 0.000000 0.000000 0.000000 0.383187 0.383187 1.207981 1.004126e+05 1.354860e+05 0 0.000000e+00 0.000000e+00 0.000000e+00 151 149 -1 41 4.266946
46 248 5.524e+05 5.315e+05 2.013559 4.146970 0.788535 2.608232 0.472606 0.471028 0.519806 -8.039177 5.491562 -4.104437 -15.6518 6.66367 -14.3099 -4.83924e+06 0.055193 0.000091 0.293256 -7.921607 5.577576 -4.058561 0.307125 99 5.054886e+05 5.054886e+05 3.908417e+05 1.876040e+05 8.396010 0.156875 0.045712 0.334654 0.255727 0.055859 0.488081 0.320318 0.337943 0.311667 0.101683 0.419247 0.172955 0.424136 0.227803 0.264302 5.253218e+05 4.794120e+05 0 0.000000e+00 0.000000e+00 0.000000e+00 152 -1 -1 248 10.069259
47 78 3.544e+05 3.283e+05 1.714791 3.392308 1.178398 3.555643 0.484057 0.481980 0.512107 -12.158513 -10.765135 -1.345820 -0.305887 12.2893 7.16942 -700829 0.044849 0.000103 0.489421 -12.158513 -10.765135 -1.345820 0.489421 66 3.283070e+05 3.283070e+05 2.501387e+05 0.000000e+00 13.524120 0.561491 0.065328 0.263223 0.171256 -0.053007 0.344678 -0.273717 0.202870 0.142613 -0.053796 0.286920 -0.248064 0.237811 0.237811 0.745349 3.251542e+05 2.084400e+05 0 0.000000e+00 0.000000e+00 0.000000e+00 165 -1 -1 78 4.788232
48 876 4.476e+06 3.101e+06 3.624682 7.053003 2.418753 8.755300 0.480543 0.484101 0.513173 0.148414 -16.087349 10.903906 -697.247 141.893 580.245 -1.38209e+06 0.0148233 0.000043 0.855504 -3.194930 -12.497071 9.268317 0.401966 99 3.012086e+06 3.012086e+06 2.501387e+06 4.377427e+05 1.054664 2.411647 0.099879 0.814750 0.649052 0.632219 -0.144232 0.114916 0.425881 0.250816 0.517095 -0.167034 0.282812 0.415229 0.550992 0.989295 2.909820e+06 1.505979e+06 0 0.000000e+00 0.000000e+00 0.000000e+00 166 -1 -1 984 2.145632
49 31 2.449e+05 2.293e+05 1.521418 4.380429 0.488281 3.416528 0.481695 0.483575 0.513944 -2.643473 -10.352310 13.114637 -0.3508 1.87203 0.456461 -1.02811e+06 0.0183394 0.000058 0.664398 -2.643473 -10.352310 13.114637 0.664398 45 2.292938e+05 2.292938e+05 2.292938e+05 2.240825e+05 19.416571 0.848395 0.016354 0.793976 0.507779 -0.055156 0.184691 -0.164709 0.793976 0.507779 -0.055156 0.184691 -0.164709 0.048884 0.048884 0.567449 4.905293e+05 8.337600e+04 0 0.000000e+00 0.000000e+00 0.000000e+00 168 166 -1 47 1.321510
50 35 1.824e+05 1.407e+05 1.292862 2.929877 0.488281 2.692934 0.481276 0.485296 0.511843 -1.752170 -19.804754 1.166206 1.52499 0.529642 -0.382706 -204753 0.0235039 0.000103 1.033650 -1.752170 -19.804754 1.166206 1.033650 33 1.407030e+05 1.407030e+05 1.250693e+05 0.000000e+00 31.620373 0.694671 0.031263 0.224034 0.108280 -0.106432 0.201649 0.324783 0.250694 0.039903 -0.104664 0.185459 0.273751 0.096619 0.096619 0.719990 1.732230e+05 6.774300e+04 0 0.000000e+00 0.000000e+00 0.000000e+00 169 166 -1 35 2.091319
51 44 6.775e+04 5.732e+04 0.958433 1.711328 0.926074 2.389942 0.494349 0.492082 0.517750 -10.294490 -13.291638 -11.434973 0.591285 0.818743 0.931573 7846.41 0.0359661 0.000257 1.081475 -10.294490 -13.291638 -11.434973 1.081475 11 4.690100e+04 4.690100e+04 0.000000e+00 0.000000e+00 78.861618 1.653431 0.115635 0.164877 0.064923 0.368362 0.449790 -0.425982 0.000000 0.000000 0.000000 0.000000 0.000000 0.285592 0.285592 1.094522 5.758909e+04 5.732100e+04 0 0.000000e+00 0.000000e+00 0.000000e+00 176 -1 -1 44 18.719204
52 50 7.817e+04 6.775e+04 1.013317 1.895447 0.892154 2.239135 0.496282 0.495109 0.522387 -8.654826 -11.716151 -10.321136 0.715579 1.2276 -0.16548 -12354.2 0.0309464 0.000184 0.691481 -8.654826 -11.716151 -10.321136 0.691481 13 6.774589e+04 6.774589e+04 3.126733e+04 0.000000e+00 67.226952 1.426643 0.091138 0.147411 0.052820 -0.131928 0.242782 0.438934 0.412344 0.000000 -0.035640 0.186821 0.261611 0.197698 0.197698 0.901301 6.320095e+04 5.211000e+04 0 0.000000e+00 0.000000e+00 0.000000e+00 177 -1 -1 50 22.779692
53 40 6.253e+04 5.732e+04 0.958433 1.686275 0.953796 2.209563 0.502666 0.486991 0.527250 -11.188002 -6.446731 -6.094855 -0.809034 0.316549 -2.47044 23760.3 0.119289 0.000230 1.005389 -11.188002 -6.446731 -6.094855 1.005389 10 4.690100e+04 4.690100e+04 0.000000e+00 0.000000e+00 79.761909 1.270219 0.220397 0.000000 0.000000 -0.341773 0.400007 0.046730 0.000000 0.000000 0.000000 0.000000 0.000000 0.376399 0.376399 1.287382 5.082172e+04 8.337600e+04 0 0.000000e+00 0.000000e+00 0.000000e+00 179 -1 -1 40 30.918959
