#ID DescID Mvir Vmax Vrms Rvir Rs Np X Y Z VX VY VZ JX JY JZ Spin rs_klypin Mvir_all M200b M200c M500c M2500c Xoff Voff spin_bullock b_to_a c_to_a A[x] A[y] A[z] b_to_a(500c) c_to_a(500c) A[x](500c) A[y](500c) A[z](500c) T/|U| M_pe_Behroozi M_pe_Diemer Type SM Gas BH_Mass
#a = 0.090909
#Om = 0.315000; Ol = 0.685000; h = 0.674000
#FOF linking length: 0.280000
#Unbound Threshold: 0.500000; FOF Refinement Threshold: 0.700000
#Particle mass: 5.21122e+03 Msun/h
#Box size: 1.000000 Mpc/h
#Force resolution assumed: 0.000488281 Mpc/h
#Units: Masses in Msun / h
#Units: Positions in Mpc / h (comoving)
#Units: Velocities in km / s (physical, peculiar)
#Units: Halo Distances, Lengths, and Radii in kpc / h (comoving)
#Units: Angular Momenta in (Msun/h) * (Mpc/h) * km/s (physical)
#Units: Spins are dimensionless
#Np is an internal debugging quantity.
#Rockstar-Galaxies Version: 0.99.9-RC3-newA
54 -1 7.2957e+04 1.86 1.62 1.039 0.300 77 0.45845 0.47690 0.50948 7.83 -6.05 8.45 -5.494e-01 -1.790e+00 1.219e-01 0.07256 0.29982 7.2957e+04 7.2957e+04 5.2112e+04 0.0000e+00 0.0000e+00 59.51356 0.93 0.10567 0.76765 0.00858 -0.22298 0.29631 0.08555 0.00000 0.00000 0.00000 0.00000 0.00000 0.5446 1.5958e+05 7.8165e+04 0 0.0000e+00 0.0000e+00 0.0000e+00
55 -1 5.2112e+04 1.75 2.00 0.928 0.173 46 0.46449 0.47744 0.51028 9.66 -5.36 9.36 3.781e-01 -1.138e+00 -3.067e-01 0.05676 0.17263 5.2112e+04 5.2112e+04 5.2112e+04 0.0000e+00 0.0000e+00 83.89816 1.45 0.12208 0.70839 0.16253 -0.06015 0.31097 0.08531 0.00000 0.00000 0.00000 0.00000 0.00000 0.7914 6.9539e+04 3.1266e+04 0 0.0000e+00 0.0000e+00 0.0000e+00
56 -1 1.5634e+04 1.20 4.51 0.622 0.100 32 0.50094 0.48259 0.46776 -13.46 -6.74 4.49 -2.974e-01 1.208e-01 -2.897e-02 0.42527 0.09957 2.6056e+04 1.5634e+04 1.5634e+04 0.0000e+00 0.0000e+00 279.28036 5.47 0.23649 0.00000 0.00000 0.00000 0.00000 0.00000 0.00000 0.00000 0.00000 0.00000 0.00000 12.4334 2.4422e+04 1.0422e+04 0 0.0000e+00 0.0000e+00 0.0000e+00
57 -1 3.6426e+06 6.96 7.45 3.825 0.859 1421 0.49727 0.48320 0.47784 -5.69 -5.33 8.20 1.525e+02 2.068e+02 9.559e+01 0.01770 0.93100 3.7677e+06 3.3925e+06 3.3925e+06 2.0949e+06 8.8070e+05 1.40003 0.93 0.02280 0.69815 0.37683 -0.26899 -0.15517 0.53749 0.79670 0.47138 -0.17876 -0.15357 0.41654 0.6739 3.5649e+06 3.2725e+06 0 0.0000e+00 0.0000e+00 0.0000e+00
58 -1 5.7323e+05 3.69 3.47 2.065 0.789 220 0.50109 0.48925 0.47121 -8.42 1.00 7.65 9.287e+00 -7.915e+00 -1.248e+01 0.02756 0.60095 5.8366e+05 5.3676e+05 5.3676e+05 3.5436e+05 1.0944e+05 7.61117 0.25 0.03164 0.83618 0.28255 0.41206 -0.15610 -0.06205 0.42408 0.30425 0.21100 -0.10072 0.24758 0.5433 4.8362e+05 7.7123e+05 0 0.0000e+00 0.0000e+00 0.0000e+00
59 -1 4.1690e+04 1.52 2.18 0.862 0.304 25 0.50632 0.48860 0.46299 -5.02 -1.29 10.16 -1.081e+00 5.514e-01 2.313e-01 0.14194 0.30414 4.6901e+04 3.1267e+04 3.1267e+04 0.0000e+00 0.0000e+00 105.20078 1.48 0.17684 0.23065 0.04654 -0.31890 0.52313 0.06694 0.00000 0.00000 0.00000 0.00000 0.00000 1.8042 3.9062e+04 5.7321e+04 0 0.0000e+00 0.0000e+00 0.0000e+00
60 -1 7.8168e+04 1.88 2.19 1.063 0.371 29 0.50446 0.48894 0.46718 -6.31 -0.57 8.62 2.241e+00 2.689e+00 1.420e+00 0.06320 0.37115 1.1986e+05 6.7746e+04 6.7746e+04 0.0000e+00 0.0000e+00 56.26581 0.89 0.18959 0.76291 0.51410 -0.17800 0.00638 0.49582 0.00000 0.00000 0.00000 0.00000 0.00000 1.0889 6.4674e+04 8.8587e+04 0 0.0000e+00 0.0000e+00 0.0000e+00
61 -1 6.9309e+05 4.05 4.47 2.200 0.806 869 0.50697 0.48673 0.46546 -5.01 -1.57 9.55 -5.420e+00 -3.509e+01 1.895e+01 0.03335 0.48161 7.0352e+05 6.6704e+05 6.6704e+05 4.5859e+05 0.0000e+00 6.37223 0.55 0.05318 0.83174 0.31479 0.40721 0.09113 -0.15870 0.34345 0.27067 0.35421 0.12410 0.01673 0.7711 1.5329e+06 1.1933e+06 0 0.0000e+00 0.0000e+00 0.0000e+00
62 -1 9.2239e+05 4.64 4.39 2.420 1.053 388 0.47880 0.49466 0.49435 2.22 -17.12 11.25 9.656e+00 -1.676e+01 -1.200e+01 0.01548 0.39981 9.8492e+05 8.3380e+05 8.3380e+05 4.9507e+05 2.8141e+05 4.67110 0.38 0.01868 0.50718 0.45234 -0.12430 -0.05407 0.39899 0.53397 0.42147 -0.09194 -0.05638 0.33353 0.6110 1.1186e+06 1.8499e+06 0 0.0000e+00 0.0000e+00 0.0000e+00
63 -1 7.2957e+04 1.89 2.41 1.039 0.252 26 0.48134 0.49568 0.49436 6.12 -14.46 10.87 -4.303e-01 -6.870e-01 -8.604e-02 0.01766 0.25227 1.0422e+05 7.2957e+04 7.2957e+04 3.6479e+04 0.0000e+00 60.57935 1.21 0.04590 0.14091 0.00231 -0.07236 0.32746 -0.21517 0.29458 0.04479 0.01076 0.25473 -0.12927 0.8854 7.2949e+04 7.2954e+04 0 0.0000e+00 0.0000e+00 0.0000e+00
64 -1 1.5113e+05 2.35 3.48 1.324 0.417 92 0.49611 0.48982 0.47572 -8.67 -1.41 5.17 7.323e+00 -7.394e+00 4.498e+00 0.18021 0.41670 2.1887e+05 1.3549e+05 1.3549e+05 6.7746e+04 0.0000e+00 29.17988 0.17 0.18964 0.21268 0.00916 0.55494 -0.17872 -0.45509 0.45367 0.14530 -0.20654 0.17194 0.19263 1.6845 1.3253e+05 1.7196e+05 0 0.0000e+00 0.0000e+00 0.0000e+00
65 -1 4.6901e+04 1.64 3.57 0.896 0.203 77 0.47587 0.50220 0.49023 2.97 -17.00 6.55 1.277e+00 4.912e-04 1.013e+00 0.32740 0.20290 6.7746e+04 4.6901e+04 4.6901e+04 0.0000e+00 0.0000e+00 94.31163 1.88 0.19161 0.66944 0.33542 -0.00588 0.25336 0.21582 0.00000 0.00000 0.00000 0.00000 0.00000 3.6931 9.5999e+04 4.1688e+04 0 0.0000e+00 0.0000e+00 0.0000e+00
66 -1 6.7746e+04 1.80 2.67 1.013 0.319 42 0.48380 0.49083 0.50615 9.16 8.37 -7.38 4.348e-02 -1.631e+00 8.124e-01 0.13747 0.31859 9.9013e+04 5.2112e+04 5.2112e+04 0.0000e+00 0.0000e+00 65.85899 0.91 0.11610 0.30221 0.01816 -0.20290 0.29158 0.08054 0.00000 0.00000 0.00000 0.00000 0.00000 2.1400 5.6749e+04 7.2954e+04 0 0.0000e+00 0.0000e+00 0.0000e+00
67 -1 4.6901e+04 1.67 2.44 0.896 0.179 77 0.48621 0.49343 0.50648 4.30 1.42 2.14 9.885e-02 5.796e-01 -5.406e-01 0.11061 0.17919 5.2112e+04 4.6901e+04 4.6901e+04 0.0000e+00 0.0000e+00 95.04084 0.62 0.09392 0.12674 0.04725 0.56874 0.19537 0.17214 0.00000 0.00000 0.00000 0.00000 0.00000 2.5280 9.1600e+04 3.1266e+04 0 0.0000e+00 0.0000e+00 0.0000e+00
68 -1 5.0028e+05 4.30 3.61 1.973 0.173 104 0.48141 0.48143 0.50061 2.88 -11.49 -13.12 1.279e+01 1.345e+01 1.617e+01 0.05937 0.17345 5.4197e+05 5.0028e+05 5.0028e+05 4.3774e+05 1.7197e+05 8.96641 0.41 0.05600 0.74289 0.49417 0.18369 0.36659 0.01479 0.51650 0.27553 0.12498 0.35828 0.02200 0.4972 5.6317e+05 2.3450e+05 0 0.0000e+00 0.0000e+00 0.0000e+00
69 -1 3.0225e+05 3.75 5.58 1.668 0.129 79 0.48101 0.48320 0.50239 -4.08 -11.94 -6.11 -2.361e+00 5.267e+00 -3.882e+00 0.03828 0.12852 5.8887e+05 3.0225e+05 3.0225e+05 2.2408e+05 1.6155e+05 14.57464 0.92 0.03665 0.91510 0.54064 -0.01466 0.27716 -0.20817 0.86065 0.50822 -0.05264 0.26181 -0.14536 1.4198 3.4735e+05 1.3549e+05 0 0.0000e+00 0.0000e+00 0.0000e+00
70 -1 4.3774e+05 6.08 5.65 1.887 0.043 104 0.48151 0.48501 0.50686 -4.06 -4.28 0.66 6.622e+00 -6.024e+00 -2.572e+00 0.02658 0.04275 5.4197e+05 4.3774e+05 4.3774e+05 4.3774e+05 4.3774e+05 10.25702 0.83 0.02647 0.60173 0.42331 0.11576 0.20724 0.04866 0.60173 0.42331 0.11576 0.20724 0.04866 0.7469 1.2076e+06 2.9703e+05 0 0.0000e+00 0.0000e+00 0.0000e+00
71 -1 6.3353e+07 17.70 19.80 9.909 2.545 11508 0.48183 0.48472 0.50525 -5.48 -5.71 4.67 7.374e+03 -9.386e+03 3.439e+03 0.00646 2.94222 6.3353e+07 6.1232e+07 6.1190e+07 3.7338e+07 1.3648e+07 0.94755 2.48 0.00885 0.42317 0.31418 -0.25515 0.34931 1.50470 0.39004 0.28500 -0.31370 0.22977 1.15645 0.7088 5.2078e+07 6.4657e+07 0 0.0000e+00 0.0000e+00 0.0000e+00
72 -1 1.4591e+05 3.76 3.77 1.309 0.042 49 0.48115 0.48504 0.50743 -6.32 -6.30 4.76 -3.089e-01 -1.479e+00 3.151e-01 0.04505 0.04232 2.5535e+05 1.4591e+05 1.4591e+05 1.4591e+05 1.4591e+05 30.39200 3.96 0.02738 0.63848 0.49532 0.07411 0.10513 0.10475 0.63848 0.49532 0.07411 0.10513 0.10475 1.9462 4.3585e+05 1.0943e+05 0 0.0000e+00 0.0000e+00 0.0000e+00
73 -1 3.6479e+04 1.45 2.28 0.824 0.334 146 0.51802 0.47947 0.44462 -5.07 1.31 2.94 4.458e-01 4.479e-01 -8.507e-01 0.25140 0.33357 4.1690e+04 3.1267e+04 3.1267e+04 0.0000e+00 0.0000e+00 119.10449 1.22 0.18945 0.00000 0.00000 -0.31680 0.48393 0.48122 0.00000 0.00000 0.00000 0.00000 0.00000 2.9934 5.1967e+04 6.2532e+04 0 0.0000e+00 0.0000e+00 0.0000e+00
74 -1 2.6056e+04 1.31 2.68 0.737 0.223 119 0.42831 0.47756 0.50688 1.99 -5.20 8.24 1.136e+00 -2.467e-01 2.839e-01 0.51428 0.22318 2.6056e+04 0.0000e+00 0.0000e+00 0.0000e+00 0.0000e+00 163.62488 1.99 0.37466 0.00000 0.00000 -0.12171 0.34910 -0.27627 0.00000 0.00000 0.00000 0.00000 0.00000 4.5852 1.4571e+05 2.6055e+04 0 0.0000e+00 0.0000e+00 0.0000e+00
75 -1 3.6479e+04 1.48 1.59 0.824 0.223 99 0.44103 0.47703 0.50860 3.78 -6.23 8.27 -2.409e-01 3.204e-01 2.191e-01 0.06530 0.22321 3.6479e+04 3.6479e+04 3.6479e+04 0.0000e+00 0.0000e+00 117.87957 1.58 0.08166 0.25330 0.11193 0.04699 0.24271 0.18675 0.00000 0.00000 0.00000 0.00000 0.00000 0.2229 1.1758e+05 3.6477e+04 0 0.0000e+00 0.0000e+00 0.0000e+00
76 -1 4.6901e+04 1.57 1.39 0.896 0.373 87 0.43561 0.47746 0.50912 3.02 -4.82 7.83 -3.067e-01 -1.871e-01 -2.677e-01 0.03555 0.37280 5.2112e+04 4.1690e+04 4.1690e+04 0.0000e+00 0.0000e+00 91.45752 1.21 0.05268 0.35338 0.00000 0.33777 0.17300 -0.11088 0.00000 0.00000 0.00000 0.00000 0.00000 0.5323 8.5145e+04 6.2532e+04 0 0.0000e+00 0.0000e+00 0.0000e+00
77 -1 3.6479e+04 1.47 1.65 0.824 0.254 63 0.44893 0.47752 0.50874 5.47 -5.81 9.16 -4.941e-03 5.054e-02 -1.256e-02 0.00793 0.25356 3.6479e+04 2.6056e+04 2.6056e+04 0.0000e+00 0.0000e+00 118.60938 1.74 0.00935 0.54031 0.18353 0.03152 0.32219 0.18484 0.00000 0.00000 0.00000 0.00000 0.00000 0.1094 8.2585e+04 4.6899e+04 0 0.0000e+00 0.0000e+00 0.0000e+00
78 -1 1.0422e+04 1.00 3.84 0.543 0.115 42 0.48967 0.48729 0.48361 -6.64 -1.54 8.69 -1.911e-01 -1.173e-01 6.308e-02 0.31154 0.11454 1.5634e+04 1.0422e+04 1.0422e+04 0.0000e+00 0.0000e+00 421.80664 5.67 0.33597 0.00000 0.00000 0.00000 0.00000 0.00000 0.00000 0.00000 0.00000 0.00000 0.00000 0.0000 1.5647e+04 5.2110e+03 0 0.0000e+00 0.0000e+00 0.0000e+00
79 -1 1.0422e+04 1.00 3.56 0.543 0.115 25 0.53352 0.47765 0.46817 -8.72 -4.81 1.39 0.000e+00 0.000e+00 0.000e+00 0.00000 0.11454 1.0422e+04 1.0422e+04 1.0422e+04 0.0000e+00 0.0000e+00 427.76254 5.03 0.00000 0.00000 0.00000 0.00000 0.00000 0.00000 0.00000 0.00000 0.00000 0.00000 0.00000 0.0000 3.9694e+04 0.0000e+00 0 0.0000e+00 0.0000e+00 0.0000e+00
0 -1 6.2014e+06 8.18 8.20 4.567 1.507 1486 0.52594 0.45719 0.54892 -4.86 1.18 0.28 6.073e+02 -1.536e+02 9.918e+02 0.03453 1.30621 6.2014e+06 5.9929e+06 5.9929e+06 3.3508e+06 1.2767e+06 0.81789 0.41 0.04020 0.63141 0.57551 0.45394 0.58161 -0.04482 0.77455 0.65159 0.22572 0.47158 0.11876 0.5839 5.1168e+06 7.0505e+06 0 0.0000e+00 0.0000e+00 0.0000e+00
1 -1 1.1986e+05 2.20 2.07 1.226 0.335 69 0.53071 0.45690 0.55045 -11.53 -0.45 0.47 4.475e+00 -4.250e+00 -9.718e-01 0.09783 0.33460 1.2507e+05 1.1465e+05 1.1465e+05 5.7323e+04 0.0000e+00 38.63180 0.20 0.15379 0.17426 0.04192 0.29340 0.27783 0.09729 0.74443 0.34408 0.10888 0.19065 -0.15575 0.6910 1.9523e+05 1.2506e+05 0 0.0000e+00 0.0000e+00 0.0000e+00
2 -1 3.6479e+04 1.48 1.63 0.824 0.238 26 0.53497 0.45756 0.54903 -8.79 0.22 3.17 4.996e-01 -1.352e+00 8.706e-01 0.39441 0.23828 6.2535e+04 3.1267e+04 3.1267e+04 0.0000e+00 0.0000e+00 127.34558 1.84 0.30099 0.00000 0.00000 0.46402 0.10258 -0.24736 0.00000 0.00000 0.00000 0.00000 0.00000 2.7772 5.4940e+04 4.6899e+04 0 0.0000e+00 0.0000e+00 0.0000e+00
3 -1 1.8813e+06 6.00 5.82 3.069 0.768 550 0.53869 0.45810 0.55140 -7.13 -5.71 -0.10 3.591e+01 -8.353e+01 -1.737e+02 0.04173 0.45391 1.9334e+06 1.8083e+06 1.8083e+06 1.2142e+06 6.2535e+05 2.68679 0.75 0.04904 0.74093 0.46399 0.40935 0.17620 0.26870 0.66064 0.37720 0.35014 0.09033 0.24398 0.6252 1.5457e+06 1.8812e+06 0 0.0000e+00 0.0000e+00 0.0000e+00
4 -1 6.5661e+05 4.14 3.25 2.161 0.976 168 0.47950 0.45506 0.53780 -5.86 3.72 0.48 1.373e+01 2.649e+01 1.396e+01 0.05082 0.35834 6.5661e+05 6.3577e+05 6.3577e+05 4.3253e+05 1.9803e+05 6.61860 0.29 0.04763 0.52698 0.38519 0.17294 0.39127 0.08402 0.55878 0.33318 0.13196 0.32881 0.06586 0.3839 5.5433e+05 8.7545e+05 0 0.0000e+00 0.0000e+00 0.0000e+00
5 -1 2.0272e+06 6.13 6.00 3.146 0.437 695 0.47538 0.45412 0.54075 -3.21 2.61 -5.81 5.959e+01 -1.184e+01 1.606e+02 0.03531 0.47413 2.0272e+06 1.9438e+06 1.9438e+06 1.4331e+06 5.8366e+05 1.96180 0.80 0.03793 0.68301 0.55311 0.51584 0.22084 -0.07197 0.75577 0.62289 0.41613 -0.01198 -0.12063 0.5713 1.7206e+06 1.2923e+06 0 0.0000e+00 0.0000e+00 0.0000e+00
6 -1 6.3056e+05 3.89 2.82 2.132 0.647 189 0.45703 0.51813 0.54569 -0.67 -9.92 -3.53 -5.367e+00 -3.688e+00 2.925e+01 0.04989 0.50011 6.3056e+05 5.9408e+05 5.9408e+05 3.9084e+05 0.0000e+00 7.31794 0.21 0.04636 0.71210 0.44843 -0.00335 0.48905 -0.30331 0.71134 0.61693 -0.00217 0.35123 -0.26052 0.3145 5.2182e+05 6.9306e+05 0 0.0000e+00 0.0000e+00 0.0000e+00
7 -1 1.5634e+04 1.17 3.44 0.622 0.119 64 0.45299 0.48122 0.51172 6.12 -2.99 10.50 -4.591e-02 2.001e-02 1.673e-02 0.01154 0.11850 1.5634e+04 1.5634e+04 1.5634e+04 0.0000e+00 0.0000e+00 278.54837 4.17 0.03875 0.00000 0.00000 0.00000 0.00000 0.00000 0.00000 0.00000 0.00000 0.00000 0.00000 0.6866 8.5931e+04 1.0422e+04 0 0.0000e+00 0.0000e+00 0.0000e+00
8 -1 5.7323e+04 1.70 1.32 0.958 0.318 161 0.54845 0.44644 0.52787 -3.84 3.73 1.78 1.462e-01 -1.846e-01 -1.454e-01 0.01488 0.31765 5.7323e+04 4.1690e+04 4.1690e+04 0.0000e+00 0.0000e+00 80.25592 0.51 0.02330 0.79790 0.08712 0.30132 0.06794 0.23119 0.00000 0.00000 0.00000 0.00000 0.00000 0.5633 1.8572e+05 9.3798e+04 0 0.0000e+00 0.0000e+00 0.0000e+00
9 -1 1.4070e+05 2.37 1.67 1.293 0.295 150 0.51994 0.45672 0.51540 -7.74 3.06 3.57 -1.187e+00 -4.596e-01 -2.245e+00 0.04460 0.29504 1.4070e+05 1.3549e+05 1.3549e+05 3.6479e+04 0.0000e+00 32.06663 0.34 0.04864 0.27726 0.01109 0.44010 -0.08618 0.15322 0.21594 0.08592 0.35335 0.02404 0.16857 0.3776 2.1138e+05 1.3028e+05 0 0.0000e+00 0.0000e+00 0.0000e+00
10 -1 2.0845e+04 1.24 1.59 0.684 0.176 88 0.49083 0.45700 0.53810 -6.33 0.19 -2.65 3.845e-01 4.945e-02 1.628e-01 0.22253 0.17617 3.1267e+04 2.0845e+04 2.0845e+04 0.0000e+00 0.0000e+00 214.81044 2.23 0.19101 0.61207 0.06707 0.08905 -0.23856 0.34628 0.00000 0.00000 0.00000 0.00000 0.00000 3.4561 3.8868e+04 2.0844e+04 0 0.0000e+00 0.0000e+00 0.0000e+00
11 -1 2.0845e+04 1.23 1.98 0.684 0.189 83 0.50181 0.45850 0.52248 -7.23 4.15 0.81 -1.734e-01 8.888e-02 -2.932e-01 0.02383 0.18885 2.0845e+04 2.0845e+04 2.0845e+04 0.0000e+00 0.0000e+00 214.41013 2.09 0.15993 0.94188 0.51762 -0.07870 0.30035 0.06255 0.00000 0.00000 0.00000 0.00000 0.00000 0.9509 1.1685e+05 2.0844e+04 0 0.0000e+00 0.0000e+00 0.0000e+00
12 -1 5.7323e+04 1.68 1.05 0.958 0.408 62 0.50828 0.45612 0.54761 -2.25 0.66 -2.66 1.846e-01 3.082e-01 1.918e-01 0.02545 0.40770 5.7323e+04 4.1690e+04 4.1690e+04 0.0000e+00 0.0000e+00 79.75085 0.32 0.03427 0.49459 0.07154 0.32475 -0.16641 0.29848 0.00000 0.00000 0.00000 0.00000 0.00000 0.4022 8.1191e+04 1.1464e+05 0 0.0000e+00 0.0000e+00 0.0000e+00
13 -1 2.6056e+04 1.31 2.55 0.737 0.232 51 0.51013 0.48395 0.53351 -9.46 -7.79 -4.80 8.707e-02 -5.541e-01 8.639e-02 0.05877 0.23217 2.6056e+04 0.0000e+00 0.0000e+00 0.0000e+00 0.0000e+00 176.56026 2.63 0.17774 0.63193 0.12225 -0.09721 0.03863 0.53509 0.00000 0.00000 0.00000 0.00000 0.00000 1.2039 5.8281e+04 3.6477e+04 0 0.0000e+00 0.0000e+00 0.0000e+00
14 -1 3.1267e+04 1.39 1.37 0.783 0.254 37 0.49805 0.45431 0.54536 -3.88 0.73 -5.25 8.476e-02 8.384e-02 -1.013e-01 0.01874 0.25404 3.1267e+04 2.6056e+04 2.6056e+04 0.0000e+00 0.0000e+00 144.49809 1.09 0.03616 0.30756 0.03923 0.35106 0.21876 -0.14907 0.00000 0.00000 0.00000 0.00000 0.00000 0.6423 5.8761e+04 3.1266e+04 0 0.0000e+00 0.0000e+00 0.0000e+00
15 -1 1.0422e+04 1.00 1.92 0.543 0.115 35 0.50309 0.45540 0.54639 -3.08 0.70 -4.42 0.000e+00 0.000e+00 0.000e+00 0.00000 0.11454 1.0422e+04 1.0422e+04 1.0422e+04 0.0000e+00 0.0000e+00 435.60550 2.72 0.00000 0.00000 0.00000 0.00000 0.00000 0.00000 0.00000 0.00000 0.00000 0.00000 0.00000 0.0000 5.5559e+04 5.2110e+03 0 0.0000e+00 0.0000e+00 0.0000e+00
16 -1 1.5634e+04 1.12 2.29 0.622 0.163 32 0.45796 0.46510 0.52862 -2.53 1.56 -7.72 -8.110e-03 -3.168e-02 4.066e-02 0.01401 0.16333 1.5634e+04 1.5634e+04 1.5634e+04 0.0000e+00 0.0000e+00 280.19531 2.76 0.03829 0.00000 0.00000 0.00000 0.00000 0.00000 0.00000 0.00000 0.00000 0.00000 0.00000 0.5263 2.7780e+04 1.5633e+04 0 0.0000e+00 0.0000e+00 0.0000e+00
17 -1 1.0422e+04 0.99 5.74 0.543 0.135 30 0.50834 0.49028 0.52023 -14.15 -7.95 -0.63 0.000e+00 0.000e+00 0.000e+00 0.00000 0.13526 1.0422e+04 1.0422e+04 1.0422e+04 0.0000e+00 0.0000e+00 438.66611 8.12 0.00000 0.00000 0.00000 0.00000 0.00000 0.00000 0.00000 0.00000 0.00000 0.00000 0.00000 0.0000 3.5201e+04 1.0422e+04 0 0.0000e+00 0.0000e+00 0.0000e+00
18 -1 2.0845e+04 1.29 1.71 0.684 0.127 26 0.45460 0.45363 0.54841 -3.84 3.45 -4.93 -2.352e-01 2.286e-02 -1.326e-01 0.04744 0.12655 2.0845e+04 2.0845e+04 2.0845e+04 0.0000e+00 0.0000e+00 211.32753 1.78 0.12311 0.83811 0.28620 0.10380 0.22395 -0.20258 0.00000 0.00000 0.00000 0.00000 0.00000 0.7072 3.2497e+04 1.0422e+04 0 0.0000e+00 0.0000e+00 0.0000e+00
19 -1 1.5634e+04 1.11 1.88 0.622 0.193 26 0.44664 0.45317 0.54877 -3.95 3.46 -4.28 4.322e-02 -6.793e-03 1.130e-02 0.01398 0.19262 1.5634e+04 1.0422e+04 1.0422e+04 0.0000e+00 0.0000e+00 280.11670 2.26 0.03316 0.00000 0.00000 0.00000 0.00000 0.00000 0.00000 0.00000 0.00000 0.00000 0.00000 0.3718 3.2669e+04 1.5633e+04 0 0.0000e+00 0.0000e+00 0.0000e+00
20 -1 7.8168e+04 1.89 1.59 1.063 0.347 34 0.42264 0.46581 0.54376 -2.89 -9.02 -3.57 1.048e+00 1.667e+00 7.273e-02 0.07377 0.34670 7.8168e+04 5.2112e+04 5.2112e+04 4.1690e+04 0.0000e+00 55.38309 0.67 0.09890 0.42038 0.11981 0.07918 -0.12210 0.28707 0.23846 0.00000 0.01599 0.12103 0.09194 0.5202 1.1120e+05 9.3798e+04 0 0.0000e+00 0.0000e+00 0.0000e+00
21 -1 4.6901e+04 1.58 1.52 0.896 0.349 38 0.42508 0.46544 0.54166 -2.88 -9.41 -3.83 -4.669e-01 1.902e-01 1.260e+00 0.10534 0.34920 4.6901e+04 2.6056e+04 2.6056e+04 0.0000e+00 0.0000e+00 92.34579 1.17 0.15957 0.86116 0.45947 -0.07741 0.26461 0.35467 0.00000 0.00000 0.00000 0.00000 0.00000 0.5138 8.1382e+04 9.3798e+04 0 0.0000e+00 0.0000e+00 0.0000e+00
22 -1 2.0845e+04 1.35 0.87 0.684 0.096 30 0.40894 0.45750 0.55094 -2.47 -1.53 -1.10 -1.499e-01 -2.557e-01 9.147e-02 0.07690 0.09639 2.0845e+04 2.0845e+04 2.0845e+04 0.0000e+00 0.0000e+00 206.20340 0.78 0.14093 0.32683 0.13486 0.29629 -0.17512 -0.18826 0.00000 0.00000 0.00000 0.00000 0.00000 0.4332 4.5334e+04 5.2110e+03 0 0.0000e+00 0.0000e+00 0.0000e+00
23 -1 1.0422e+04 0.98 2.50 0.543 0.142 70 0.41076 0.46224 0.55314 -3.01 -5.87 -2.54 0.000e+00 0.000e+00 0.000e+00 0.00000 0.14170 1.0422e+04 1.0422e+04 1.0422e+04 0.0000e+00 0.0000e+00 414.86682 3.53 0.00000 0.00000 0.00000 0.00000 0.00000 0.00000 0.00000 0.00000 0.00000 0.00000 0.00000 0.0000 7.2602e+04 1.0422e+04 0 0.0000e+00 0.0000e+00 0.0000e+00
24 -1 2.0845e+04 1.32 1.92 0.684 0.108 34 0.41358 0.46367 0.55155 -2.20 -7.73 -2.37 1.761e-01 2.307e-01 -2.134e-03 0.05798 0.10763 2.0845e+04 2.0845e+04 2.0845e+04 0.0000e+00 0.0000e+00 207.87831 2.09 0.13185 0.54502 0.24088 -0.03615 0.25395 0.29832 0.00000 0.00000 0.00000 0.00000 0.00000 0.5996 9.4593e+04 5.2110e+03 0 0.0000e+00 0.0000e+00 0.0000e+00
25 -1 3.1267e+04 1.39 2.12 0.783 0.261 67 0.41710 0.46584 0.54879 -2.48 -9.03 -2.93 6.976e-01 -4.038e-01 -7.990e-01 0.18101 0.26050 3.1267e+04 1.0422e+04 1.0422e+04 0.0000e+00 0.0000e+00 138.74638 1.64 0.26230 0.38061 0.16683 0.14961 0.36296 -0.03783 0.00000 0.00000 0.00000 0.00000 0.00000 1.7301 2.8018e+05 5.7321e+04 0 0.0000e+00 0.0000e+00 0.0000e+00
26 -1 4.6901e+04 1.62 1.38 0.896 0.237 37 0.41536 0.46786 0.54999 -1.67 -11.15 -1.95 -1.324e-01 2.368e-01 -1.563e-01 0.03309 0.23657 4.6901e+04 4.6901e+04 4.6901e+04 0.0000e+00 0.0000e+00 92.57057 1.27 0.03681 0.23986 0.08245 -0.03581 0.44253 -0.15500 0.00000 0.00000 0.00000 0.00000 0.00000 0.1600 5.4034e+04 4.6899e+04 0 0.0000e+00 0.0000e+00 0.0000e+00
27 -1 5.7323e+04 1.76 1.49 0.958 0.211 28 0.41995 0.46569 0.54618 -2.87 -8.57 -3.33 -1.218e+00 -3.084e-01 -2.774e-01 0.07623 0.21142 5.7323e+04 5.7323e+04 5.7323e+04 0.0000e+00 0.0000e+00 75.60145 0.88 0.10831 0.82742 0.57278 0.34905 0.05853 -0.02664 0.00000 0.00000 0.00000 0.00000 0.00000 0.5251 9.9787e+04 4.6899e+04 0 0.0000e+00 0.0000e+00 0.0000e+00
28 -1 4.6901e+04 1.60 1.76 0.896 0.262 67 0.43010 0.44744 0.53681 -1.33 6.30 1.48 4.811e-01 -1.778e-01 3.683e-01 0.03089 0.26195 4.6901e+04 4.1690e+04 4.1690e+04 0.0000e+00 0.0000e+00 91.22439 0.73 0.07425 0.87983 0.02129 0.15279 0.26020 -0.02386 0.00000 0.00000 0.00000 0.00000 0.00000 1.1941 8.4859e+04 4.6899e+04 0 0.0000e+00 0.0000e+00 0.0000e+00
29 -1 9.3802e+04 2.00 1.55 1.129 0.382 83 0.42842 0.45464 0.53934 -2.81 3.26 -2.84 1.185e+00 1.395e+00 -1.114e+00 0.05735 0.38230 9.3802e+04 6.7746e+04 6.7746e+04 0.0000e+00 0.0000e+00 45.76573 0.29 0.07938 0.25375 0.03347 -0.01010 0.46206 -0.04451 0.00000 0.00000 0.00000 0.00000 0.00000 0.5084 1.9362e+05 1.5633e+05 0 0.0000e+00 0.0000e+00 0.0000e+00
30 -1 9.1196e+05 4.23 3.40 2.411 1.329 488 0.43702 0.45165 0.53486 -3.04 4.92 4.24 3.125e+01 -1.830e+01 -1.479e+01 0.03221 1.02555 9.2760e+05 8.3380e+05 8.3380e+05 4.9507e+05 0.0000e+00 4.87683 0.27 0.03271 0.87866 0.20090 -0.08249 0.16611 0.51367 0.76962 0.13791 0.43658 -0.21301 0.06598 0.3934 9.0872e+05 1.9072e+06 0 0.0000e+00 0.0000e+00 0.0000e+00
31 -1 7.7647e+05 4.02 2.48 2.285 2.196 295 0.42792 0.46158 0.52962 1.41 1.66 9.97 1.572e+01 2.062e+01 -7.895e-01 0.02955 0.88524 7.7647e+05 7.0873e+05 7.0873e+05 2.7098e+05 0.0000e+00 5.50364 0.20 0.02836 0.45438 0.34651 -0.14426 0.41132 0.60008 0.84240 0.46260 -0.09797 0.35288 0.22627 0.2476 7.9257e+05 1.5320e+06 0 0.0000e+00 0.0000e+00 0.0000e+00
32 -1 1.8239e+05 2.53 2.21 1.410 0.401 278 0.41914 0.46003 0.54193 -0.41 -3.29 -1.02 -7.166e-01 1.745e+00 6.026e-01 0.01651 0.40124 1.8239e+05 1.8239e+05 1.8239e+05 5.2112e+04 0.0000e+00 23.44444 0.10 0.02421 0.15111 0.00000 -0.30350 -0.42238 0.46672 0.37889 0.00000 0.02887 0.35202 -0.20045 0.6325 5.9808e+05 2.1886e+05 0 0.0000e+00 0.0000e+00 0.0000e+00
33 -1 1.4852e+06 4.98 5.65 2.836 2.819 513 0.42871 0.46124 0.53507 -0.35 -2.86 -0.72 1.474e+02 -6.630e+01 -1.540e+01 0.00782 1.16181 1.5060e+06 1.2611e+06 1.2611e+06 5.2112e+04 0.0000e+00 2.48602 0.77 0.06023 0.67259 0.37839 0.72860 0.33628 -0.42686 0.28002 0.14937 0.26729 -0.04714 0.26551 1.0132 3.5836e+06 8.6503e+06 0 0.0000e+00 0.0000e+00 0.0000e+00
34 -1 7.2957e+04 2.03 1.77 1.039 0.153 114 0.43043 0.46352 0.53501 -0.96 -1.18 0.84 3.830e-01 -6.070e-01 -1.040e+00 0.03889 0.15341 7.2957e+04 6.7746e+04 6.7746e+04 3.1267e+04 0.0000e+00 59.24831 0.12 0.07117 0.46584 0.02539 0.27121 -0.24434 0.10410 0.72104 0.07294 0.29173 0.02976 0.04415 0.7573 1.4933e+05 3.1266e+04 0 0.0000e+00 0.0000e+00 0.0000e+00
35 -1 1.1986e+05 2.15 1.90 1.226 0.492 45 0.43160 0.46390 0.53421 -1.91 -1.87 0.26 -9.938e-01 -2.458e+00 1.749e+00 0.05177 0.49194 1.2507e+05 8.8591e+04 8.8591e+04 4.6901e+04 0.0000e+00 36.14806 0.54 0.07819 0.88985 0.21524 0.01861 0.34293 0.03989 0.93228 0.12684 0.32309 -0.03680 -0.01582 0.6566 1.0982e+05 1.7196e+05 0 0.0000e+00 0.0000e+00 0.0000e+00
36 -1 9.1718e+05 4.24 5.00 2.415 2.315 152 0.43235 0.46243 0.53390 -1.35 -5.25 -0.78 5.390e+01 -6.326e+00 -5.555e+00 0.01822 1.01750 9.9013e+05 6.5140e+05 6.3577e+05 4.6901e+04 0.0000e+00 4.62720 0.14 0.04520 0.58410 0.37421 -0.00751 -0.21819 0.72568 0.38999 0.08405 0.23078 -0.02951 0.13349 1.1280 8.6627e+05 1.9906e+06 0 0.0000e+00 0.0000e+00 0.0000e+00
37 -1 3.1267e+05 2.97 4.61 1.687 0.674 177 0.43515 0.46136 0.53324 -1.06 -6.70 -0.32 7.819e+00 -9.105e+00 -6.393e+00 0.07450 0.67431 3.4915e+05 2.4493e+05 2.4493e+05 7.2957e+04 0.0000e+00 13.81249 0.38 0.06771 0.51521 0.08100 0.31373 0.22201 -0.32205 0.62339 0.16903 0.09803 0.24505 -0.23533 1.9476 3.9581e+05 5.6279e+05 0 0.0000e+00 0.0000e+00 0.0000e+00
38 -1 5.7323e+04 1.69 3.81 0.958 0.357 76 0.43713 0.46303 0.53192 -0.30 -5.03 2.18 -2.821e+00 -1.589e-01 1.688e+00 0.63199 0.35698 8.8591e+04 4.1690e+04 4.1690e+04 0.0000e+00 0.0000e+00 75.46903 1.50 0.27703 0.89375 0.18528 -0.27533 0.31001 -0.00410 0.00000 0.00000 0.00000 0.00000 0.00000 5.4033 8.5965e+04 8.8587e+04 0 0.0000e+00 0.0000e+00 0.0000e+00
39 -1 2.0845e+04 1.27 3.22 0.684 0.144 60 0.44759 0.46777 0.52822 1.93 -0.28 4.05 5.951e-01 -7.740e-01 -9.359e-01 1.50652 0.14384 2.0845e+04 2.0845e+04 2.0845e+04 0.0000e+00 0.0000e+00 209.07169 1.12 0.61444 0.68247 0.39199 0.24237 0.33908 0.17397 0.00000 0.00000 0.00000 0.00000 0.00000 14.7214 1.3177e+05 5.2110e+03 0 0.0000e+00 0.0000e+00 0.0000e+00
40 -1 8.8591e+04 1.99 3.84 1.108 0.311 273 0.44252 0.46433 0.53038 1.07 -3.31 4.30 1.109e+00 -3.226e+00 -3.805e-01 0.23166 0.31085 9.3802e+04 7.8168e+04 7.8168e+04 5.2112e+04 0.0000e+00 48.92405 0.26 0.13984 0.19473 0.01484 0.09679 0.37234 -0.20532 0.00000 0.00000 0.09108 0.43935 -0.22465 3.1548 5.1830e+05 1.0422e+05 0 0.0000e+00 0.0000e+00 0.0000e+00
41 -1 1.1465e+05 2.12 4.43 1.208 0.487 177 0.44440 0.46618 0.52913 1.13 -2.90 2.87 -3.015e+00 -1.039e+00 6.315e+00 0.35659 0.48745 1.4070e+05 3.6479e+04 3.6479e+04 0.0000e+00 0.0000e+00 37.80078 1.01 0.18753 0.63252 0.00801 0.33431 0.30557 -0.24061 0.00000 0.00000 0.00000 0.00000 0.00000 4.3608 3.1859e+05 2.6576e+05 0 0.0000e+00 0.0000e+00 0.0000e+00
42 -1 1.0422e+04 1.00 2.24 0.543 0.115 93 0.45361 0.46818 0.52780 1.94 5.64 2.17 0.000e+00 0.000e+00 0.000e+00 0.00000 0.11454 1.0422e+04 1.0422e+04 1.0422e+04 0.0000e+00 0.0000e+00 419.54269 3.17 0.00000 0.00000 0.00000 0.00000 0.00000 0.00000 0.00000 0.00000 0.00000 0.00000 0.00000 0.0000 7.7052e+04 5.2110e+03 0 0.0000e+00 0.0000e+00 0.0000e+00
43 -1 2.6577e+05 3.31 3.24 1.598 0.177 72 0.46208 0.47422 0.51762 -3.73 -4.50 -1.00 3.218e+00 -4.631e+00 6.128e-01 0.02757 0.17710 3.0746e+05 2.6577e+05 2.6577e+05 2.2408e+05 0.0000e+00 16.27328 0.56 0.03703 0.78506 0.40800 -0.23100 -0.25066 0.15362 0.68039 0.17891 -0.02181 0.27480 0.16877 0.7142 2.7450e+05 1.3028e+05 0 0.0000e+00 0.0000e+00 0.0000e+00
44 -1 6.1388e+06 8.02 8.98 4.551 2.481 2328 0.46290 0.47170 0.51931 5.44 -2.36 0.49 -1.476e+03 -1.365e+03 1.195e+03 0.03897 1.70646 6.3577e+06 5.7428e+06 5.7219e+06 2.8088e+06 9.4323e+05 0.56579 3.49 0.08150 0.53225 0.43639 0.29305 -0.08535 0.65807 0.51224 0.43282 0.13818 -0.06494 0.47120 0.8625 5.5338e+06 1.1162e+07 0 0.0000e+00 0.0000e+00 0.0000e+00
45 -1 1.1465e+05 2.15 2.52 1.208 0.383 41 0.46693 0.47292 0.52234 7.21 -4.78 -1.89 -1.904e-01 2.641e-01 -1.037e+00 0.01483 0.38319 1.5113e+05 1.0944e+05 1.0944e+05 0.0000e+00 0.0000e+00 38.37147 0.52 0.02881 0.67952 0.17632 0.35531 0.36421 0.29966 0.00000 0.00000 0.00000 0.00000 0.00000 1.2080 1.0041e+05 1.3549e+05 0 0.0000e+00 0.0000e+00 0.0000e+00
46 -1 5.3154e+05 4.15 2.61 2.014 0.424 248 0.47261 0.47103 0.51981 -8.04 5.49 -4.10 -1.565e+01 6.664e+00 -1.431e+01 0.05519 0.22780 5.5239e+05 5.0549e+05 5.0549e+05 3.9084e+05 1.8760e+05 8.39601 0.16 0.04571 0.33465 0.25573 0.05586 0.48808 0.32032 0.33794 0.31167 0.10168 0.41925 0.17295 0.2643 5.2532e+05 4.7941e+05 0 0.0000e+00 0.0000e+00 0.0000e+00
47 -1 3.2831e+05 3.39 3.56 1.715 0.238 78 0.48406 0.48198 0.51211 -12.16 -10.77 -1.35 -3.059e-01 1.229e+01 7.169e+00 0.04485 0.23781 3.5436e+05 3.2831e+05 3.2831e+05 2.5014e+05 0.0000e+00 13.52412 0.56 0.06533 0.26322 0.17126 -0.05301 0.34468 -0.27372 0.20287 0.14261 -0.05380 0.28692 -0.24806 0.7453 3.2515e+05 2.0844e+05 0 0.0000e+00 0.0000e+00 0.0000e+00
48 -1 3.1007e+06 7.05 8.76 3.625 0.415 876 0.48054 0.48410 0.51317 0.15 -16.09 10.90 -6.972e+02 1.419e+02 5.802e+02 0.01482 0.55099 4.4764e+06 3.0121e+06 3.0121e+06 2.5014e+06 4.3774e+05 1.05466 2.41 0.09988 0.81475 0.64905 0.63222 -0.14423 0.11492 0.42588 0.25082 0.51709 -0.16703 0.28281 0.9893 2.9098e+06 1.5060e+06 0 0.0000e+00 0.0000e+00 0.0000e+00
49 -1 2.2929e+05 4.38 3.42 1.521 0.049 31 0.48170 0.48358 0.51394 -2.64 -10.35 13.11 -3.508e-01 1.872e+00 4.565e-01 0.01834 0.04888 2.4493e+05 2.2929e+05 2.2929e+05 2.2929e+05 2.2408e+05 19.41657 0.85 0.01635 0.79398 0.50778 -0.05516 0.18469 -0.16471 0.79398 0.50778 -0.05516 0.18469 -0.16471 0.5674 4.9053e+05 8.3376e+04 0 0.0000e+00 0.0000e+00 0.0000e+00
50 -1 1.4070e+05 2.93 2.69 1.293 0.097 35 0.48128 0.48530 0.51184 -1.75 -19.80 1.17 1.525e+00 5.296e-01 -3.827e-01 0.02350 0.09662 1.8239e+05 1.4070e+05 1.4070e+05 1.2507e+05 0.0000e+00 31.62037 0.69 0.03126 0.22403 0.10828 -0.10643 0.20165 0.32478 0.25069 0.03990 -0.10466 0.18546 0.27375 0.7200 1.7322e+05 6.7743e+04 0 0.0000e+00 0.0000e+00 0.0000e+00
51 -1 5.7323e+04 1.71 2.39 0.958 0.286 44 0.49435 0.49208 0.51775 -10.29 -13.29 -11.43 5.913e-01 8.187e-01 9.316e-01 0.03597 0.28559 6.7746e+04 4.6901e+04 4.6901e+04 0.0000e+00 0.0000e+00 78.86162 1.65 0.11564 0.16488 0.06492 0.36836 0.44979 -0.42598 0.00000 0.00000 0.00000 0.00000 0.00000 1.0945 5.7589e+04 5.7321e+04 0 0.0000e+00 0.0000e+00 0.0000e+00
52 -1 6.7746e+04 1.90 2.24 1.013 0.198 50 0.49628 0.49511 0.52239 -8.65 -11.72 -10.32 7.156e-01 1.228e+00 -1.655e-01 0.03095 0.19770 7.8168e+04 6.7746e+04 6.7746e+04 3.1267e+04 0.0000e+00 67.22695 1.43 0.09114 0.14741 0.05282 -0.13193 0.24278 0.43893 0.41234 0.00000 -0.03564 0.18682 0.26161 0.9013 6.3201e+04 5.2110e+04 0 0.0000e+00 0.0000e+00 0.0000e+00
53 -1 5.7323e+04 1.69 2.21 0.958 0.376 40 0.50267 0.48699 0.52725 -11.19 -6.45 -6.09 -8.090e-01 3.165e-01 -2.470e+00 0.11929 0.37640 6.2535e+04 4.6901e+04 4.6901e+04 0.0000e+00 0.0000e+00 79.76191 1.27 0.22040 0.00000 0.00000 -0.34177 0.40001 0.04673 0.00000 0.00000 0.00000 0.00000 0.00000 1.2874 5.0822e+04 8.3376e+04 0 0.0000e+00 0.0000e+00 0.0000e+00
