#id num_p mvir mbound_vir rvir vmax rvmax vrms x y z vx vy vz Jx Jy Jz E Spin PosUncertainty VelUncertainty bulk_vx bulk_vy bulk_vz BulkVelUnc n_core m200b m200c m500c m2500c Xoff Voff spin_bullock b_to_a c_to_a A[x] A[y] A[z] b_to_a(500c) c_to_a(500c) A[x](500c) A[y](500c) A[z](500c) Rs Rs_Klypin T/|U| M_pe_Behroozi M_pe_Diemer Type SM Gas BH idx i_so i_ph num_cp mmetric
#a = 0.090909
#Bounds: (-390756811784847360.000000, -390756811784847360.000000, 0.414300) - (0.557100, 0.519800, 0.509762)
#Om = 0.315000; Ol = 0.685000; h = 0.674000
#FOF linking length: 0.280000
#Unbound Threshold: 0.500000; FOF Refinement Threshold: 0.700000
#Particle mass: 6.51403e+02 Msun/h
#Box size: 1.000000 Mpc/h
#Total particles processed: 186617
#Force resolution assumed: 0.000488281 Mpc/h
#Units: Masses in Msun / h
#Units: Positions in Mpc / h (comoving)
#Units: Velocities in km / s (physical, peculiar)
#Units: Halo Distances, Lengths, and Radii in kpc / h (comoving)
#Units: Angular Momenta in (Msun/h) * (Mpc/h) * km/s (physical)
#Units: Spins are dimensionless
#Units: Total energy in (Msun/h)*(km/s)^2 (physical)
#Note: idx, i_so, and i_ph are internal debugging quantities
#Np is an internal debugging quantity.
#Rockstar-Galaxies Version: 0.99.9-RC3-newA
147 116 9.771e+03 9.771e+03 0.531412 0.961901 0.499643 1.222318 0.452486 0.489439 0.488068 6.054306 -9.367187 6.662694 0.00652921 0.0157092 0.00108965 267.583 0.00686965 0.000107 0.302660 6.054306 -9.367187 6.662694 0.302660 13 9.771042e+03 9.771042e+03 0.000000e+00 0.000000e+00 55.068676 0.866129 0.027378 0.159484 0.102419 0.064404 0.163631 0.082341 0.000000 0.000000 0.000000 0.000000 0.000000 0.135850 0.135850 1.071533 4.929349e+04 9.765000e+03 0 0.000000e+00 0.000000e+00 0.000000e+00 21 -1 -1 301 10000000000.000000
148 52 1.238e+04 1.238e+04 0.574979 1.009620 0.574470 1.014482 0.453707 0.488704 0.488399 5.903591 -9.012678 6.757068 0.0231607 -0.0197946 -0.0203069 -2231.05 0.0235945 0.000103 0.219719 5.903591 -9.012678 6.757068 0.219719 17 1.107385e+04 1.107385e+04 0.000000e+00 0.000000e+00 43.517220 0.669350 0.039659 0.176433 0.002190 0.316311 -0.183464 -0.049752 0.000000 0.000000 0.000000 0.000000 0.000000 0.248008 0.248008 0.635573 1.522437e+04 2.408700e+04 0 0.000000e+00 0.000000e+00 0.000000e+00 22 21 -1 52 2.574152
149 133 2.019e+04 1.498e+04 0.612788 1.081505 0.606039 0.700497 0.454949 0.489092 0.489945 5.551523 -8.354515 7.319909 -0.00807271 -0.0382108 -0.0257231 -5569.22 0.0295313 0.000094 0.333922 5.551523 -8.354515 7.319909 0.333922 29 9.771042e+03 9.771042e+03 0.000000e+00 0.000000e+00 36.011108 0.841094 0.036838 0.408472 0.117282 -0.013729 0.180660 0.188706 0.000000 0.000000 0.000000 0.000000 0.000000 0.221208 0.221208 0.414882 2.887609e+04 2.278500e+04 0 0.000000e+00 0.000000e+00 0.000000e+00 23 21 -1 133 4.388245
150 142 9.120e+03 7.817e+03 0.493319 0.870303 0.488281 1.221849 0.462450 0.469004 0.508969 9.566092 -5.939744 8.134216 0.00726533 -0.0199684 -0.0287959 -8.43221 0.00447233 0.000109 0.589243 9.566092 -5.939744 8.134216 0.589243 12 0.000000e+00 0.000000e+00 0.000000e+00 0.000000e+00 69.348206 1.508078 0.083384 0.461270 0.281026 -0.015129 0.166213 -0.139657 0.000000 0.000000 0.000000 0.000000 0.000000 0.179748 0.179748 0.996770 2.708558e+04 1.367100e+04 0 0.000000e+00 0.000000e+00 0.000000e+00 24 -1 -1 226 10000000000.000000
151 56 9.771e+03 9.771e+03 0.531412 0.973028 0.488281 0.994873 0.451095 0.495435 0.472901 2.680563 -6.358982 8.115558 -0.0211741 0.00839963 0.0245188 -1222.64 0.0288292 0.000101 0.244719 2.680563 -6.358982 8.115558 0.244719 13 9.771042e+03 9.771042e+03 0.000000e+00 0.000000e+00 54.717960 0.710194 0.053751 0.488887 0.299424 0.215253 -0.003471 0.087777 0.000000 0.000000 0.000000 0.000000 0.000000 0.122280 0.122280 0.673225 1.865130e+04 9.765000e+03 0 0.000000e+00 0.000000e+00 0.000000e+00 27 29 -1 78 4.198971
152 81 1.954e+04 1.954e+04 0.669537 1.194065 0.648477 0.960981 0.452424 0.495173 0.474862 2.675114 -6.550133 8.148232 -0.0354346 -0.0265231 0.102946 -7103.33 0.0411299 0.000087 0.184979 2.675114 -6.550133 8.148232 0.184979 28 1.628507e+04 1.628507e+04 0.000000e+00 0.000000e+00 27.408133 0.359713 0.056688 0.450009 0.162163 0.039298 0.162448 0.156064 0.000000 0.000000 0.000000 0.000000 0.000000 0.202689 0.202689 0.529179 2.302732e+04 2.018100e+04 0 0.000000e+00 0.000000e+00 0.000000e+00 29 -1 -1 159 10000000000.000000
153 130 1.238e+04 1.238e+04 0.574979 1.016229 0.567022 1.091270 0.496672 0.491691 0.458863 -1.615356 -10.847200 6.933673 0.0244432 0.0112836 0.00624783 -1425.59 0.0142364 0.000075 0.244541 -1.615356 -10.847200 6.933673 0.244541 17 1.042244e+04 1.042244e+04 0.000000e+00 0.000000e+00 43.998024 0.682887 0.029936 0.374384 0.239957 0.092922 0.085262 0.197062 0.000000 0.000000 0.000000 0.000000 0.000000 0.201332 0.201332 0.768419 1.456360e+04 1.887900e+04 0 0.000000e+00 0.000000e+00 0.000000e+00 32 -1 -1 130 10000000000.000000
154 108 2.150e+04 2.150e+04 0.691150 1.214451 0.689579 0.885987 0.501329 0.466290 0.505844 -13.665853 -0.283753 0.971176 0.0125699 -0.142022 0.020294 -11171 0.0522341 0.000084 0.153253 -13.665853 -0.283753 0.971176 0.153253 31 1.498226e+04 1.498226e+04 0.000000e+00 0.000000e+00 25.806080 0.415250 0.062154 0.206354 0.077104 0.244302 -0.123520 0.038736 0.000000 0.000000 0.000000 0.000000 0.000000 0.285821 0.285821 0.361229 2.385096e+04 3.645600e+04 0 0.000000e+00 0.000000e+00 0.000000e+00 36 -1 -1 108 10000000000.000000
155 71 1.238e+04 1.238e+04 0.574979 1.043295 0.509669 0.834187 0.529823 0.461310 0.492940 -9.517760 -3.023544 1.935081 0.00683303 0.0061121 -0.0172523 -3695.36 0.0162028 0.000091 0.184050 -9.517760 -3.023544 1.935081 0.184050 17 1.237665e+04 1.237665e+04 0.000000e+00 0.000000e+00 45.154224 0.535380 0.021162 0.690481 0.012501 0.079323 0.266321 0.077554 0.000000 0.000000 0.000000 0.000000 0.000000 0.143559 0.143559 0.408105 1.593284e+04 1.236900e+04 0 0.000000e+00 0.000000e+00 0.000000e+00 43 -1 -1 71 10000000000.000000
156 39 8.468e+03 8.468e+03 0.506658 0.900069 0.494562 0.771401 0.510278 0.444735 0.487371 -4.104217 5.403527 6.335160 0.00418102 0.00151357 -0.0169051 -2265.31 0.0293115 0.000101 0.135542 -4.104217 5.403527 6.335160 0.135542 11 0.000000e+00 0.000000e+00 0.000000e+00 0.000000e+00 64.190262 0.714089 0.035637 0.670768 0.329286 0.121399 0.076834 0.002325 0.000000 0.000000 0.000000 0.000000 0.000000 0.162236 0.162236 0.165214 8.614930e+03 1.106700e+04 0 0.000000e+00 0.000000e+00 0.000000e+00 61 -1 -1 39 10000000000.000000
157 308 2.345e+04 1.303e+04 0.584895 1.043698 0.565861 2.447020 0.503840 0.475168 0.461742 -7.672215 -6.918449 8.186420 -0.0235017 0.0340483 -0.0203921 29244.7 0.0946601 0.000102 0.649939 -7.672215 -6.918449 8.186420 0.649939 34 1.237665e+04 1.237665e+04 0.000000e+00 0.000000e+00 41.640537 1.035537 0.045863 0.845794 0.551099 0.240298 0.084579 -0.077111 0.000000 0.000000 0.000000 0.000000 0.000000 0.175739 0.175739 4.501456 1.673451e+04 1.497300e+04 0 0.000000e+00 0.000000e+00 0.000000e+00 516 561 -1 308 5.888186
158 261 5.602e+04 5.211e+04 0.928462 1.631070 0.926776 2.111307 0.497048 0.476843 0.471044 -10.396608 -2.138107 8.803765 -0.269184 0.419714 0.203326 29592.7 0.0347397 0.000060 0.271467 -10.396608 -2.138107 8.803765 0.271467 84 4.820380e+04 4.820380e+04 0.000000e+00 0.000000e+00 10.408762 0.243031 0.053121 0.371519 0.111249 0.042817 -0.170747 0.281408 0.000000 0.000000 0.000000 0.000000 0.000000 0.388556 0.388556 1.320546 4.589875e+04 7.291200e+04 0 0.000000e+00 0.000000e+00 0.000000e+00 533 637 -1 307 7.279294
159 53 1.042e+04 9.120e+03 0.519330 0.940035 0.488281 1.487390 0.500986 0.478588 0.470425 -11.237989 5.155514 5.897674 0.0427363 -0.0298428 -0.0235827 2931.74 0.0906801 0.000077 0.418746 -11.237989 5.155514 5.897674 0.418746 14 9.119639e+03 9.119639e+03 0.000000e+00 0.000000e+00 59.852737 0.997754 0.103093 0.868395 0.379893 0.090931 0.149354 -0.065258 0.000000 0.000000 0.000000 0.000000 0.000000 0.132757 0.132757 1.896910 1.083739e+04 9.114000e+03 0 0.000000e+00 0.000000e+00 0.000000e+00 535 622 -1 53 5.317291
160 50 7.817e+03 7.817e+03 0.493319 0.870303 0.488281 1.517165 0.507201 0.475508 0.459103 -3.539116 -8.439824 10.201679 -0.0055164 -0.0737465 0.0178772 2036.83 0.147774 0.000120 0.435453 -3.539116 -8.439824 10.201679 0.435453 10 0.000000e+00 0.000000e+00 0.000000e+00 0.000000e+00 69.365768 1.142093 0.177272 0.081687 0.000000 0.181266 -0.240410 0.258916 0.000000 0.000000 0.000000 0.000000 0.000000 0.179748 0.179748 1.900706 1.103670e+04 1.236900e+04 0 0.000000e+00 0.000000e+00 0.000000e+00 538 539 -1 50 3.004998
161 93 1.173e+04 1.173e+04 0.564709 1.030806 0.493088 0.987369 0.507824 0.475870 0.457728 -3.778543 -8.488204 9.851527 0.0308674 -0.0598729 -0.0220713 -3109.04 0.061727 0.000064 0.195212 -3.778543 -8.488204 9.851527 0.195212 16 1.172525e+04 1.172525e+04 0.000000e+00 0.000000e+00 46.270077 0.752320 0.084016 0.652068 0.429856 0.062370 0.181493 -0.059624 0.000000 0.000000 0.000000 0.000000 0.000000 0.133473 0.133473 0.443358 2.518443e+04 1.171800e+04 0 0.000000e+00 0.000000e+00 0.000000e+00 539 561 -1 143 12.527641
162 346 5.928e+04 4.951e+04 0.912723 1.611801 0.782981 2.333217 0.506872 0.474192 0.463059 -2.749267 -6.238383 9.594014 -0.248674 0.669027 0.148402 42520.3 0.0640896 0.000063 0.345539 -2.749267 -6.238383 9.594014 0.345539 89 4.559820e+04 4.559820e+04 2.410190e+04 0.000000e+00 11.031411 0.220810 0.078337 0.764951 0.440869 0.233225 -0.131901 0.159584 0.249563 0.014424 0.184287 -0.020789 0.195347 0.325263 0.325263 1.469865 5.663136e+04 7.486500e+04 0 0.000000e+00 0.000000e+00 0.000000e+00 557 561 -1 346 4.467204
163 1649 5.387e+05 4.456e+05 1.898539 3.395668 1.555616 4.290751 0.507813 0.478621 0.463687 -4.643512 -1.756163 9.810334 -6.10322 -8.55867 21.4076 297504 0.0228227 0.000036 0.315313 -4.741476 -2.222737 8.705205 0.211949 99 4.364398e+05 4.364398e+05 2.201741e+05 0.000000e+00 1.459002 0.923974 0.065810 0.571571 0.344746 -0.108383 0.494962 0.021057 0.763420 0.345939 -0.068401 0.342699 0.106975 0.515438 0.553667 1.073927 4.666434e+05 4.745790e+05 0 0.000000e+00 0.000000e+00 0.000000e+00 561 622 -1 3692 5.764434
164 52 8.468e+03 8.468e+03 0.506658 0.905840 0.488281 1.351713 0.488771 0.479876 0.484857 -9.808225 1.448115 7.772820 -0.0343561 -0.0239566 0.00311491 1499.89 0.0573066 0.000094 0.376632 -9.808225 1.448115 7.772820 0.376632 11 0.000000e+00 0.000000e+00 0.000000e+00 0.000000e+00 64.554161 0.969094 0.085626 0.916546 0.534313 -0.047750 0.211065 -0.054417 0.000000 0.000000 0.000000 0.000000 0.000000 0.148480 0.148480 1.552721 7.718494e+03 9.114000e+03 0 0.000000e+00 0.000000e+00 0.000000e+00 569 1392 -1 52 44.444195
165 31 7.817e+03 7.817e+03 0.493319 0.868836 0.489932 1.835667 0.478731 0.491625 0.489020 2.398243 -11.114451 15.197864 -0.0748486 0.0582981 -0.00839638 1814.37 0.174597 0.000105 0.429558 2.398243 -11.114451 15.197864 0.429558 10 0.000000e+00 0.000000e+00 0.000000e+00 0.000000e+00 70.214630 1.581705 0.221919 0.651943 0.350594 -0.041284 0.230677 -0.109412 0.000000 0.000000 0.000000 0.000000 0.000000 0.187716 0.187716 1.802331 6.415302e+03 8.463000e+03 0 0.000000e+00 0.000000e+00 0.000000e+00 584 1392 -1 31 47.745312
166 294 7.361e+04 6.188e+04 0.983200 1.885563 0.658812 1.220437 0.478216 0.493980 0.491794 2.263233 -18.861961 6.461466 -0.507286 0.221704 0.172874 -96630.6 0.0439997 0.000052 0.269140 2.280854 -18.768047 6.549372 0.262994 99 5.927765e+04 5.927765e+04 4.559820e+04 0.000000e+00 8.905586 0.541638 0.042966 0.319160 0.111166 0.351395 0.107150 0.189260 0.617074 0.114699 0.190868 0.191082 0.073215 0.162868 0.162868 0.346681 6.092665e+04 4.817400e+04 0 0.000000e+00 0.000000e+00 0.000000e+00 585 1392 -1 349 21.034855
167 56 1.629e+04 9.771e+03 0.531412 0.955336 0.506534 1.531995 0.497008 0.471607 0.480268 -7.531067 -6.578404 11.696993 -0.0262417 -0.0101391 0.0947758 6070.45 0.18976 0.000080 0.585130 -7.531067 -6.578404 11.696993 0.585130 23 9.771042e+03 9.771042e+03 0.000000e+00 0.000000e+00 55.751266 0.543121 0.158781 0.422075 0.048321 0.031879 0.207023 0.101795 0.000000 0.000000 0.000000 0.000000 0.000000 0.145941 0.145941 2.367498 9.882461e+03 1.106700e+04 0 0.000000e+00 0.000000e+00 0.000000e+00 598 637 -1 56 7.240568
168 55 1.042e+04 9.120e+03 0.519330 0.914949 0.515423 1.517332 0.498520 0.478951 0.474404 -5.590300 -7.930060 4.471672 0.000453618 0.0653596 -0.0159159 5330.49 0.143774 0.000097 0.546529 -5.590300 -7.930060 4.471672 0.546529 14 0.000000e+00 0.000000e+00 0.000000e+00 0.000000e+00 59.898457 0.679467 0.121221 0.777951 0.514194 0.173297 0.106907 0.065485 0.000000 0.000000 0.000000 0.000000 0.000000 0.195801 0.195801 2.667464 8.786759e+03 1.302000e+04 0 0.000000e+00 0.000000e+00 0.000000e+00 605 637 -1 55 8.830211
169 45 1.759e+04 1.563e+04 0.621543 1.157950 0.528662 1.220212 0.498277 0.481866 0.473970 -11.113536 3.609287 5.285347 -0.0655864 -0.0471341 -0.0198774 -1167.86 0.021625 0.000059 0.282828 -11.113536 3.609287 5.285347 0.282828 25 1.498226e+04 1.498226e+04 0.000000e+00 0.000000e+00 34.988560 0.577709 0.061037 0.650485 0.428108 -0.135346 -0.055635 0.164829 0.000000 0.000000 0.000000 0.000000 0.000000 0.124820 0.124820 0.890509 1.603967e+04 1.367100e+04 0 0.000000e+00 0.000000e+00 0.000000e+00 617 622 -1 45 6.477566
170 82 4.495e+04 3.583e+04 0.819449 1.451105 0.775725 1.904453 0.503321 0.478556 0.473010 -8.952221 -1.339738 7.930044 -0.143864 0.136128 0.22291 16347.8 0.036484 0.000070 0.272414 -8.952221 -1.339738 7.930044 0.272414 67 3.452435e+04 3.452435e+04 0.000000e+00 0.000000e+00 15.238674 0.466915 0.054929 0.677443 0.299101 0.229577 0.136722 0.130294 0.000000 0.000000 0.000000 0.000000 0.000000 0.276625 0.276625 1.323952 3.054972e+04 4.166400e+04 0 0.000000e+00 0.000000e+00 0.000000e+00 618 622 -1 101 3.894361
171 2103 8.038e+05 8.038e+05 2.311209 4.514345 1.259753 4.385113 0.501082 0.480897 0.472102 -7.893007 0.526073 8.168844 -13.0733 -16.0509 -7.56009 -4.35241e+06 0.0184522 0.000035 0.320225 -8.602848 0.703626 8.161035 0.125186 99 7.868946e+05 7.862431e+05 6.214382e+05 0.000000e+00 0.739289 0.724953 0.022746 0.845161 0.639163 0.266331 0.414876 -0.107272 0.459265 0.374127 0.257596 0.401931 -0.055069 0.235130 0.343813 0.650169 7.486732e+05 3.137820e+05 0 0.000000e+00 0.000000e+00 0.000000e+00 622 637 -1 6439 3.934694
172 49 3.192e+04 3.062e+04 0.777619 1.458780 0.680688 0.933143 0.495198 0.474122 0.480468 -4.991085 -6.048460 8.784703 0.0158885 -0.0916275 -0.0591001 -26509.6 0.0254314 0.000052 0.238970 -4.991085 -6.048460 8.784703 0.238970 47 3.061593e+04 3.061593e+04 0.000000e+00 0.000000e+00 17.821714 0.407111 0.026377 0.856815 0.391128 0.034797 0.128134 0.213372 0.000000 0.000000 0.000000 0.000000 0.000000 0.148666 0.148666 0.336218 2.850757e+04 2.473800e+04 0 0.000000e+00 0.000000e+00 0.000000e+00 631 637 -1 49 4.323159
173 10410 3.791e+06 3.645e+06 3.825318 6.716148 3.820135 7.324574 0.496920 0.475497 0.477659 -5.394587 -4.977594 8.227668 314.44 315.152 145.944 -4.14637e+07 0.0276587 0.000015 0.301498 -5.529298 -5.974119 8.404636 0.101429 302 3.336485e+06 3.329320e+06 1.997201e+06 7.354338e+05 0.265948 1.372265 0.038930 0.803858 0.494366 -0.311855 -0.154776 0.559437 0.950236 0.591106 -0.199984 -0.126067 0.421820 1.848536 1.667263 0.709435 3.778044e+06 6.677307e+06 0 0.000000e+00 0.000000e+00 0.000000e+00 637 1392 -1 20152 8.906926
174 445 1.824e+05 1.225e+05 1.234393 2.178914 1.045143 3.486752 0.495943 0.482228 0.476078 -9.377143 -1.608426 5.429939 -0.513098 2.6152 2.81209 287652 0.0920501 0.000054 0.354167 -9.078324 -1.083090 5.091007 0.245330 99 1.139955e+05 1.139955e+05 6.318607e+04 0.000000e+00 4.459558 0.243244 0.092013 0.737979 0.434034 0.337364 -0.033224 0.147659 0.507636 0.236482 0.265762 -0.046985 0.048440 0.943137 0.444037 1.630305 1.078112e+05 1.725150e+05 0 0.000000e+00 0.000000e+00 0.000000e+00 646 637 -1 445 5.186059
175 184 2.540e+04 2.019e+04 0.676895 1.207847 0.654889 2.018850 0.501626 0.474760 0.473401 -8.785992 -4.718996 11.333480 -0.305038 -0.301156 0.221005 27943 0.323455 0.000092 0.444294 -8.785992 -4.718996 11.333480 0.444294 37 1.498226e+04 1.498226e+04 0.000000e+00 0.000000e+00 26.932180 0.878871 0.231004 0.429718 0.024371 0.204965 -0.037757 -0.187439 0.000000 0.000000 0.000000 0.000000 0.000000 0.203425 0.203425 2.672332 2.512732e+04 2.408700e+04 0 0.000000e+00 0.000000e+00 0.000000e+00 648 637 -1 184 7.779850
176 53 1.238e+04 1.042e+04 0.542968 0.973028 0.488281 1.026010 0.470982 0.472827 0.509177 3.195210 3.265663 -4.644394 -0.0330523 -0.071628 0.0403575 1485.25 0.0715932 0.000081 0.386915 3.195210 3.265663 -4.644394 0.386915 17 9.771042e+03 9.771042e+03 0.000000e+00 0.000000e+00 52.482834 0.641586 0.127809 0.415175 0.083994 0.183661 -0.138370 -0.068765 0.000000 0.000000 0.000000 0.000000 0.000000 0.154635 0.154635 1.331408 1.031440e+04 1.171800e+04 0 0.000000e+00 0.000000e+00 0.000000e+00 692 1392 -1 53 19.830629
177 48 3.127e+04 2.019e+04 0.676895 1.257311 0.526390 1.491978 0.480117 0.472418 0.500176 1.657623 -17.179913 -17.014814 -0.154589 -0.145163 -0.0730802 7562.07 0.0782593 0.000062 0.474678 1.657623 -17.179913 -17.014814 0.474678 46 2.019349e+04 2.019349e+04 0.000000e+00 0.000000e+00 27.077574 0.897868 0.107438 0.256862 0.079186 -0.164364 0.193704 -0.110329 0.000000 0.000000 0.000000 0.000000 0.000000 0.138965 0.138965 1.390664 1.796219e+04 1.757700e+04 0 0.000000e+00 0.000000e+00 0.000000e+00 935 938 -1 48 2.358980
178 1743 1.027e+06 7.074e+05 2.214849 4.190969 1.579223 5.338623 0.481179 0.473348 0.500082 2.688038 -12.158802 -12.713094 27.4487 17.2797 50.762 463337 0.0226487 0.000021 0.341536 2.879119 -12.874165 -14.142632 0.187388 99 7.002580e+05 7.002580e+05 5.165624e+05 0.000000e+00 0.650653 1.195529 0.076927 0.638064 0.359315 0.389894 0.368219 -0.044732 0.871466 0.317371 0.205814 0.307050 -0.160207 0.168385 0.399468 1.044425 6.407054e+05 1.712130e+05 0 0.000000e+00 0.000000e+00 0.000000e+00 938 1392 -1 1967 3.724428
179 56 1.759e+04 9.771e+03 0.531412 0.953264 0.508738 1.618217 0.482904 0.472057 0.500659 3.126878 2.691864 5.958448 0.0513375 -0.039042 -0.10044 6720.2 0.241063 0.000045 0.585817 3.126878 2.691864 5.958448 0.585817 25 9.771042e+03 9.771042e+03 0.000000e+00 0.000000e+00 56.104317 0.367629 0.191709 0.334450 0.050826 0.196717 0.152980 0.014389 0.000000 0.000000 0.000000 0.000000 0.000000 0.149589 0.149589 2.252456 8.319012e+03 9.765000e+03 0 0.000000e+00 0.000000e+00 0.000000e+00 966 1392 -1 56 11.334482
180 346 4.560e+04 4.560e+04 0.888042 1.565372 0.880426 1.293257 0.494795 0.457922 0.509091 -6.501098 9.108241 5.547628 -0.119527 -0.225254 0.00580857 -25187.7 0.0211979 0.000081 0.161217 -6.501098 9.108241 5.547628 0.161217 68 0.000000e+00 0.000000e+00 0.000000e+00 0.000000e+00 12.061041 0.178429 0.031435 0.595587 0.123057 0.355738 -0.146219 0.179023 0.000000 0.000000 0.000000 0.000000 0.000000 0.330166 0.330166 0.599611 9.721626e+04 9.374400e+04 0 0.000000e+00 0.000000e+00 0.000000e+00 1022 1392 -1 368 22.431364
181 142 2.215e+04 1.368e+04 0.594485 1.049809 0.587257 1.213687 0.483611 0.466888 0.508435 -5.820827 -8.571500 3.540591 -0.162918 -0.0658079 0.0657955 1192.82 0.0688355 0.000108 0.362378 -5.820827 -8.571500 3.540591 0.362378 32 0.000000e+00 0.000000e+00 0.000000e+00 0.000000e+00 40.160007 0.445944 0.171998 0.206838 0.073963 0.171017 0.060466 0.362548 0.000000 0.000000 0.000000 0.000000 0.000000 0.211885 0.211885 1.161838 3.099236e+04 2.343600e+04 0 0.000000e+00 0.000000e+00 0.000000e+00 1036 1392 -1 142 13.232250
182 48 1.238e+04 1.107e+04 0.554052 1.004939 0.488281 1.297786 0.481085 0.481510 0.498710 -6.659011 -8.042455 -1.114461 0.0519793 -0.00739131 0.0273211 2478.04 0.0530805 0.000085 0.379856 -6.659011 -8.042455 -1.114461 0.379856 17 1.107385e+04 1.107385e+04 0.000000e+00 0.000000e+00 49.572899 0.627394 0.077168 0.910563 0.320380 0.153882 -0.107137 -0.088246 0.000000 0.000000 0.000000 0.000000 0.000000 0.138840 0.138840 1.502246 9.727238e+03 1.106700e+04 0 0.000000e+00 0.000000e+00 0.000000e+00 1149 1392 -1 48 14.762694
183 241 1.570e+05 1.199e+05 1.225576 2.391909 0.727234 3.259568 0.480577 0.487443 0.494928 8.448318 -15.188580 12.327652 0.457654 -0.885231 7.01489 147102 0.127032 0.000028 0.362942 6.833819 -14.477250 12.303679 0.250189 99 1.185553e+05 1.185553e+05 9.380200e+04 0.000000e+00 4.255476 0.841900 0.174412 0.256536 0.119075 0.275677 0.242241 -0.052248 0.225674 0.111354 0.214349 0.163255 -0.068434 0.246731 0.183150 1.281837 1.139391e+05 1.126230e+05 0 0.000000e+00 0.000000e+00 0.000000e+00 1164 1168 -1 241 1.870959
184 34 2.215e+04 1.368e+04 0.594485 1.151303 0.488281 2.235644 0.478118 0.486124 0.495014 -0.608484 -16.894743 11.338693 -0.106035 -0.0426507 0.0179832 22233.1 0.183258 0.000024 0.568537 -0.608484 -16.894743 11.338693 0.568537 32 1.367946e+04 1.367946e+04 0.000000e+00 0.000000e+00 40.112408 0.996969 0.106062 0.629941 0.178138 0.122615 -0.080831 0.060919 0.000000 0.000000 0.000000 0.000000 0.000000 0.092879 0.092879 3.276813 2.069445e+04 1.236900e+04 0 0.000000e+00 0.000000e+00 0.000000e+00 1167 1168 -1 34 1.304985
185 3094 1.154e+06 1.005e+06 2.489944 5.451676 0.823361 5.219710 0.478530 0.486492 0.495102 2.130509 -16.426821 11.113225 72.5685 -12.3956 -33.0345 -7.43667e+06 0.0505115 0.000022 0.410664 2.920641 -16.365713 11.710382 0.139778 99 9.569107e+05 9.562592e+05 7.302225e+05 5.178652e+05 0.306907 0.722897 0.057385 0.849030 0.694500 0.251242 0.298768 -0.144092 0.717674 0.579969 0.133677 0.333207 -0.135600 0.293200 0.214278 0.652478 1.032023e+06 6.444900e+05 0 0.000000e+00 0.000000e+00 0.000000e+00 1168 1392 -1 3765 5.940079
186 45 2.931e+04 2.801e+04 0.754902 1.647457 0.488281 1.613396 0.478848 0.487189 0.495036 3.808639 -13.944231 14.050676 -0.0668241 0.052424 0.0701158 -1919.02 0.00854253 0.000016 0.265490 3.808639 -13.944231 14.050676 0.265490 43 2.801032e+04 2.801032e+04 2.801032e+04 0.000000e+00 19.631483 0.511751 0.030578 0.420030 0.313338 0.108963 0.039828 -0.023426 0.420030 0.313338 0.108963 0.039828 -0.023426 0.065866 0.065866 0.945980 7.946856e+04 2.669100e+04 0 0.000000e+00 0.000000e+00 0.000000e+00 1172 1168 -1 45 1.790781
187 304 1.472e+05 1.003e+05 1.154980 2.150638 0.726309 2.552879 0.479628 0.480365 0.508198 -8.357785 -0.166555 24.779938 -0.64375 -2.11567 0.519244 -13264.1 0.0190833 0.000048 0.270356 -8.182902 0.182700 24.266512 0.291586 99 9.705902e+04 9.705902e+04 7.100290e+04 0.000000e+00 5.529101 0.505317 0.075227 0.431082 0.276780 -0.145372 0.171850 0.291782 0.493371 0.263740 -0.040188 0.141026 0.236138 0.672957 0.232829 0.961355 8.647511e+04 1.054620e+05 0 0.000000e+00 0.000000e+00 0.000000e+00 1200 1214 -1 304 2.451123
188 124 9.771e+04 5.472e+04 0.943686 2.302605 0.488281 3.333115 0.481308 0.478440 0.508537 -3.903054 16.511812 22.277691 -0.837956 -0.438631 0.959409 153081 0.174982 0.000029 0.431517 -4.500917 15.939170 20.997606 0.402031 99 5.471783e+04 5.471783e+04 5.471783e+04 0.000000e+00 10.065850 0.840334 0.122528 0.447103 0.323590 -0.061247 0.220096 0.070617 0.441594 0.282430 -0.060194 0.221988 0.064281 0.053226 0.053226 1.974907 8.745352e+04 2.083200e+04 0 0.000000e+00 0.000000e+00 0.000000e+00 1209 1214 -1 150 3.157724
189 26 1.694e+04 1.107e+04 0.554052 1.035868 0.488281 2.156013 0.481159 0.478689 0.508593 -6.020262 15.587784 20.057606 0.0177161 0.035416 -0.0760761 9380.06 0.149652 0.000024 0.677561 -6.020262 15.587784 20.057606 0.677561 24 1.107385e+04 1.107385e+04 0.000000e+00 0.000000e+00 49.883469 1.503628 0.111823 0.446153 0.211487 0.069488 0.059871 0.019200 0.000000 0.000000 0.000000 0.000000 0.000000 0.108471 0.108471 2.754903 2.917554e+04 1.106700e+04 0 0.000000e+00 0.000000e+00 0.000000e+00 1210 1209 -1 26 0.845149
190 343 5.276e+04 4.039e+04 0.852835 1.498510 0.850947 2.579917 0.483846 0.480217 0.500120 -12.813164 -3.234598 23.338373 -0.575169 0.060828 1.47239 73397.1 0.303971 0.000052 0.330340 -12.813164 -3.234598 23.338373 0.330340 79 3.452435e+04 3.452435e+04 0.000000e+00 0.000000e+00 13.595624 0.445929 0.238668 0.252259 0.219266 -0.107662 -0.023752 0.295969 0.000000 0.000000 0.000000 0.000000 0.000000 0.353209 0.353209 2.277694 5.612373e+04 8.007300e+04 0 0.000000e+00 0.000000e+00 0.000000e+00 1244 1392 -1 343 8.747963
191 35 8.468e+03 7.817e+03 0.493319 0.870303 0.488281 1.831584 0.486550 0.481864 0.495744 -11.242533 -1.194803 17.187494 0.0417391 0.0934503 -0.0393016 513.945 0.106965 0.000121 0.386980 -11.242533 -1.194803 17.187494 0.386980 11 0.000000e+00 0.000000e+00 0.000000e+00 0.000000e+00 70.444862 1.717402 0.255447 0.174990 0.083306 -0.120812 0.050929 0.326397 0.000000 0.000000 0.000000 0.000000 0.000000 0.179748 0.179748 1.223213 9.233564e+03 1.106700e+04 0 0.000000e+00 0.000000e+00 0.000000e+00 1246 1392 -1 35 28.742607
192 102 1.042e+04 1.042e+04 0.542968 0.995192 0.497893 1.542066 0.480238 0.471715 0.509724 -8.368896 19.831825 -1.621106 -0.0230211 -0.0389965 -0.0270343 -840.67 0.0320586 0.000085 0.264141 -8.368896 19.831825 -1.621106 0.264141 14 1.042244e+04 1.042244e+04 0.000000e+00 0.000000e+00 52.798714 1.349143 0.076071 0.306533 0.153275 -0.054865 0.208827 0.102931 0.000000 0.000000 0.000000 0.000000 0.000000 0.123874 0.123874 0.805273 2.523826e+04 9.765000e+03 0 0.000000e+00 0.000000e+00 0.000000e+00 1286 1392 -1 102 16.408449
193 1071 2.781e+05 2.130e+05 1.484511 2.693105 1.079337 3.438412 0.479893 0.477399 0.509671 0.988924 23.294329 -7.114858 -13.7607 0.213686 -10.0308 21891.7 0.0279751 0.000044 0.471531 1.134681 22.970242 -7.308366 0.248005 99 2.058433e+05 2.058433e+05 1.315834e+05 0.000000e+00 2.579353 0.230160 0.160774 0.444679 0.092114 0.097512 0.394941 -0.331037 0.770464 0.152963 0.224193 0.134153 -0.189729 0.980063 0.371344 1.017594 1.778140e+05 3.033660e+05 0 0.000000e+00 0.000000e+00 0.000000e+00 1288 1392 -1 1246 4.230971
194 81 8.599e+04 6.253e+04 0.986638 1.894100 0.609933 2.266125 0.480053 0.478630 0.508843 2.739516 20.603273 -9.795106 -0.861963 0.251038 -0.217776 601.935 0.0053885 0.000041 0.311560 2.851923 20.303888 -9.935555 0.282817 99 6.253466e+04 6.253466e+04 4.690100e+04 0.000000e+00 8.795182 0.343659 0.067254 0.495245 0.162150 -0.083056 -0.204480 0.226883 0.321810 0.128501 0.048451 0.190851 -0.191617 0.162416 0.162416 1.003802 5.514502e+04 4.687200e+04 0 0.000000e+00 0.000000e+00 0.000000e+00 1290 1288 -1 145 2.649325
195 45 2.345e+04 2.280e+04 0.704840 1.346951 0.543596 1.927710 0.480186 0.478862 0.508505 3.004746 19.510061 -11.043499 0.0317666 0.0911952 -0.290194 15152 0.111519 0.000038 0.345232 3.004746 19.510061 -11.043499 0.345232 34 2.279910e+04 2.279910e+04 0.000000e+00 0.000000e+00 24.113604 0.668676 0.119664 0.713301 0.216321 0.152232 0.062348 -0.142222 0.000000 0.000000 0.000000 0.000000 0.000000 0.119337 0.119337 1.686445 2.138134e+04 1.497300e+04 0 0.000000e+00 0.000000e+00 0.000000e+00 1291 1290 -1 45 1.130872
196 44 2.345e+04 1.433e+04 0.603775 1.109382 0.500839 2.117999 0.482025 0.480664 0.507643 7.350762 15.344376 -10.811596 -0.0841711 -0.136039 -0.116724 18112.2 0.252028 0.000083 0.483062 7.350762 15.344376 -10.811596 0.483062 34 1.367946e+04 1.367946e+04 0.000000e+00 0.000000e+00 38.588413 0.959828 0.168003 0.349378 0.198662 0.175569 0.229050 -0.104709 0.000000 0.000000 0.000000 0.000000 0.000000 0.134941 0.134941 3.014357 1.363431e+04 1.302000e+04 0 0.000000e+00 0.000000e+00 0.000000e+00 1295 1297 -1 44 1.043034
197 189 6.058e+04 5.211e+04 0.928462 1.704772 0.689304 1.782401 0.482483 0.481656 0.506822 7.262719 12.089866 -10.615129 -0.652959 -0.0996621 -0.520586 -15286 0.0389952 0.000061 0.275209 7.262719 12.089866 -10.615129 0.275209 91 5.080942e+04 5.080942e+04 2.866172e+04 0.000000e+00 10.581554 0.566430 0.082966 0.437855 0.206186 -0.197036 -0.199481 0.193261 0.307643 0.075900 0.119784 0.248036 -0.038321 0.208709 0.208709 0.852132 4.455603e+04 4.817400e+04 0 0.000000e+00 0.000000e+00 0.000000e+00 1298 1392 -1 189 8.260629
198 203 2.625e+05 1.752e+05 1.390972 4.019758 0.488281 4.191063 0.482141 0.476660 0.504465 -4.268245 -4.173295 8.788515 -0.921312 -2.51431 -0.852077 -718.995 0.00136298 0.000013 0.687052 -4.897686 -4.621909 9.171516 0.437132 99 1.752273e+05 1.752273e+05 1.752273e+05 1.726217e+05 3.158102 1.270441 0.036732 0.817191 0.555911 0.173667 0.027886 -0.039520 0.817191 0.555911 0.173667 0.027886 -0.039520 0.092189 0.044165 0.999574 4.843143e+05 1.458240e+05 0 0.000000e+00 0.000000e+00 0.000000e+00 1368 1392 -1 403 1.248632
199 88 6.514e+04 4.495e+04 0.883793 2.086913 0.488281 3.530279 0.480566 0.476794 0.507518 -5.641008 -7.746278 4.161541 -0.276332 -0.244979 -0.0145197 170818 0.0829151 0.000014 0.603033 -5.641008 -7.746278 4.161541 0.603033 98 4.494679e+04 4.494679e+04 4.494679e+04 0.000000e+00 12.292831 0.184260 0.046653 0.588168 0.530963 0.065713 0.008359 0.094814 0.588168 0.530963 0.065713 0.008359 0.094814 0.056302 0.056302 2.557469 1.345622e+05 4.036200e+04 0 0.000000e+00 0.000000e+00 0.000000e+00 1384 1392 -1 100 1.329743
200 70610 6.388e+07 6.388e+07 9.936457 17.850471 7.971921 19.870930 0.481449 0.476923 0.506188 -4.626133 -6.528008 1.877558 4541.21 -19637.9 7023.17 -5.04155e+09 0.0108051 0.000014 0.273612 -3.790880 -5.583983 2.960166 0.063458 4127 6.188261e+07 6.185525e+07 3.835134e+07 1.193826e+07 0.674385 1.661619 0.014999 0.389843 0.309838 -0.401150 0.224897 1.543346 0.298948 0.234140 -0.486037 0.124106 1.185289 2.824139 2.750503 0.715035 5.268142e+07 6.844035e+07 0 0.000000e+00 0.000000e+00 0.000000e+00 1392 -1 -1 185201 10000000000.000000
201 351 1.173e+05 8.729e+04 1.102645 1.951347 1.076496 2.300032 0.485114 0.486942 0.506476 0.898751 0.048914 3.248549 0.642 -0.371909 1.03547 2886.59 0.00706862 0.000063 0.296968 1.086546 -0.133929 2.929680 0.260468 99 8.012254e+04 8.012254e+04 3.778136e+04 0.000000e+00 6.366111 0.392718 0.053194 0.660212 0.193400 0.266644 -0.110041 0.201769 0.406902 0.209819 0.220048 -0.135207 0.065020 0.939518 0.376602 1.011813 7.858905e+04 1.380120e+05 0 0.000000e+00 0.000000e+00 0.000000e+00 1412 1392 -1 351 8.782506
202 165 4.299e+04 2.215e+04 0.698062 1.238374 0.683290 1.935623 0.488976 0.483544 0.507500 -4.701414 0.456089 0.967797 -0.166862 -0.189136 0.22526 20830.6 0.155444 0.000089 0.419676 -4.701414 0.456089 0.967797 0.419676 64 1.563367e+04 1.563367e+04 0.000000e+00 0.000000e+00 25.129044 0.303836 0.138868 0.585639 0.042568 0.217720 -0.184556 -0.014620 0.000000 0.000000 0.000000 0.000000 0.000000 0.228509 0.228509 1.959100 1.895040e+04 2.473800e+04 0 0.000000e+00 0.000000e+00 0.000000e+00 1428 1392 -1 165 11.447287
203 67 3.778e+04 2.540e+04 0.730728 1.324234 0.632708 1.565083 0.484759 0.480673 0.506376 -9.080481 -12.502632 -8.405945 -0.125902 -0.299826 -0.0994532 4607.91 0.0521709 0.000077 0.264647 -9.080481 -12.502632 -8.405945 0.264647 56 2.475330e+04 2.475330e+04 0.000000e+00 0.000000e+00 21.802629 0.584231 0.111099 0.610282 0.199999 -0.040594 0.062256 0.336448 0.000000 0.000000 0.000000 0.000000 0.000000 0.184668 0.184668 1.172617 2.161809e+04 2.604000e+04 0 0.000000e+00 0.000000e+00 0.000000e+00 1436 1392 -1 67 8.592379
204 93 3.908e+04 3.452e+04 0.809393 1.455148 0.684090 1.817241 0.485455 0.481902 0.506403 -5.932874 -6.925470 -9.074059 -0.33779 -0.00816551 -0.030223 12908 0.0404606 0.000061 0.274586 -5.932874 -6.925470 -9.074059 0.274586 58 3.257014e+04 3.257014e+04 0.000000e+00 0.000000e+00 16.117954 0.443786 0.066471 0.613637 0.530452 0.143605 0.158269 0.185643 0.000000 0.000000 0.000000 0.000000 0.000000 0.222152 0.222152 1.279443 2.846233e+04 3.580500e+04 0 0.000000e+00 0.000000e+00 0.000000e+00 1437 1392 -1 93 8.817069
205 38 2.019e+04 1.563e+04 0.621543 1.123556 0.488281 1.396402 0.485788 0.482084 0.507234 -4.015763 -2.961119 -9.114069 -0.109011 -0.129695 0.0443599 3180.68 0.0751435 0.000076 0.417662 -4.015763 -2.961119 -9.114069 0.417662 29 1.563367e+04 1.563367e+04 0.000000e+00 0.000000e+00 35.447746 0.319892 0.128518 0.825672 0.469677 0.246210 0.004913 -0.023097 0.000000 0.000000 0.000000 0.000000 0.000000 0.161007 0.161007 1.294085 1.379187e+04 1.562400e+04 0 0.000000e+00 0.000000e+00 0.000000e+00 1439 1392 -1 38 10.777604
206 56 1.694e+04 1.303e+04 0.584895 1.044243 0.565271 1.268684 0.484538 0.482213 0.509646 -6.764614 -1.524602 -5.287532 -0.0234477 0.0376976 -0.164881 7578.46 0.178391 0.000060 0.750952 -6.764614 -1.524602 -5.287532 0.750952 24 1.107385e+04 1.107385e+04 0.000000e+00 0.000000e+00 42.523056 0.611881 0.169785 0.400187 0.353990 0.063740 0.167055 0.101386 0.000000 0.000000 0.000000 0.000000 0.000000 0.174535 0.174535 1.960949 1.098739e+04 1.432200e+04 0 0.000000e+00 0.000000e+00 0.000000e+00 1441 1459 -1 56 1.136340
207 176 6.253e+04 5.407e+04 0.939926 1.685153 0.879096 2.356501 0.486969 0.481889 0.508581 -1.256951 -2.317682 -7.436668 0.668905 0.565204 -0.909762 41260.1 0.0877361 0.000042 0.288131 -1.256951 -2.317682 -7.436668 0.288131 94 5.276362e+04 5.276362e+04 3.191874e+04 0.000000e+00 10.514498 0.254030 0.117159 0.795477 0.294709 0.253988 -0.158565 -0.089013 0.389130 0.289045 -0.039578 0.114328 0.178027 0.266273 0.266273 1.384341 4.580659e+04 5.989200e+04 0 0.000000e+00 0.000000e+00 0.000000e+00 1444 1392 -1 176 8.189031
