#id num_p mvir mbound_vir rvir vmax rvmax vrms x y z vx vy vz Jx Jy Jz E Spin PosUncertainty VelUncertainty bulk_vx bulk_vy bulk_vz BulkVelUnc n_core m200b m200c m500c m2500c Xoff Voff spin_bullock b_to_a c_to_a A[x] A[y] A[z] b_to_a(500c) c_to_a(500c) A[x](500c) A[y](500c) A[z](500c) Rs Rs_Klypin T/|U| M_pe_Behroozi M_pe_Diemer Type SM Gas BH idx i_so i_ph num_cp mmetric
#a = 0.090909
#Bounds: (-390756811784847360.000000, -390756811784847360.000000, 0.509762) - (0.557100, 0.519800, 0.566600)
#Om = 0.315000; Ol = 0.685000; h = 0.674000
#FOF linking length: 0.280000
#Unbound Threshold: 0.500000; FOF Refinement Threshold: 0.700000
#Particle mass: 6.51403e+02 Msun/h
#Box size: 1.000000 Mpc/h
#Total particles processed: 186631
#Force resolution assumed: 0.000488281 Mpc/h
#Units: Masses in Msun / h
#Units: Positions in Mpc / h (comoving)
#Units: Velocities in km / s (physical, peculiar)
#Units: Halo Distances, Lengths, and Radii in kpc / h (comoving)
#Units: Angular Momenta in (Msun/h) * (Mpc/h) * km/s (physical)
#Units: Spins are dimensionless
#Units: Total energy in (Msun/h)*(km/s)^2 (physical)
#Note: idx, i_so, and i_ph are internal debugging quantities
#Np is an internal debugging quantity.
#Rockstar-Galaxies Version: 0.99.9-RC3-newA
0 155 1.629e+04 1.368e+04 0.594485 1.057506 0.578740 1.066272 0.520260 0.443856 0.549083 -0.080796 0.278891 -3.076772 0.0591763 -0.0715283 -0.0796257 1083.09 0.0427578 0.000094 0.362205 -0.080796 0.278891 -3.076772 0.362205 23 9.771042e+03 9.771042e+03 0.000000e+00 0.000000e+00 41.812527 0.306401 0.112119 0.021159 0.000000 0.383141 -0.213210 0.219493 0.000000 0.000000 0.000000 0.000000 0.000000 0.186561 0.186561 1.135381 2.022247e+04 1.953000e+04 0 0.000000e+00 0.000000e+00 0.000000e+00 2 34 -1 155 10.607494
1 7946 5.112e+06 5.066e+06 4.269119 7.740624 1.639305 8.039668 0.525267 0.449503 0.550364 -4.047667 1.439201 1.219913 258.601 4.81947 574.987 -1.09113e+08 0.0265076 0.000017 0.275662 -4.639352 1.403646 1.562485 0.091636 480 4.891384e+06 4.889429e+06 3.102632e+06 1.394002e+06 0.181716 0.711101 0.030262 0.755037 0.689774 0.350141 0.556012 -0.064027 0.886684 0.828155 0.288882 0.413227 -0.036576 1.164966 1.073394 0.597879 4.155304e+06 5.298489e+06 0 0.000000e+00 0.000000e+00 0.000000e+00 34 -1 -1 11902 10000000000.000000
2 26 1.694e+04 1.042e+04 0.542968 1.004939 0.488281 1.749266 0.525152 0.449537 0.550543 -3.871354 2.068313 2.427983 0.001848 0.0102105 -0.00517338 11189.4 0.0257125 0.000016 1.019743 -3.871354 2.068313 2.427983 1.019743 24 1.042244e+04 1.042244e+04 0.000000e+00 0.000000e+00 55.244946 0.357925 0.016724 0.791199 0.448884 0.013548 0.047883 -0.005339 0.000000 0.000000 0.000000 0.000000 0.000000 0.114535 0.114535 3.151332 4.298605e+04 1.041600e+04 0 0.000000e+00 0.000000e+00 0.000000e+00 41 34 -1 26 0.403220
3 334 1.042e+05 1.029e+05 1.164894 2.055287 1.145473 1.984678 0.528057 0.448480 0.550987 -13.516919 1.900758 -0.847703 -1.48361 -3.44388 -2.71032 -99580.9 0.0998882 0.000069 0.178555 -13.518013 1.923092 -0.773840 0.167857 99 9.119639e+04 9.054498e+04 3.843276e+04 0.000000e+00 5.548308 0.132441 0.146815 0.326936 0.136289 0.365925 -0.137057 -0.129020 0.312552 0.097264 0.245398 -0.131226 -0.088026 1.062950 0.423462 0.669050 9.494232e+04 1.725150e+05 0 0.000000e+00 0.000000e+00 0.000000e+00 62 34 -1 334 4.219149
4 57 2.475e+04 2.150e+04 0.691150 1.213609 0.690536 1.184482 0.531310 0.449992 0.551681 -11.162534 0.505693 3.515956 0.0195706 0.0422579 0.0639077 -3245.79 0.0154599 0.000094 0.268770 -11.162534 0.505693 3.515956 0.268770 36 1.628507e+04 1.628507e+04 0.000000e+00 0.000000e+00 26.855724 0.535337 0.034128 0.773890 0.222038 0.259621 -0.070784 0.099774 0.000000 0.000000 0.000000 0.000000 0.000000 0.298079 0.298079 0.825809 2.047788e+04 3.580500e+04 0 0.000000e+00 0.000000e+00 0.000000e+00 65 34 -1 74 9.637116
5 25 1.629e+04 1.173e+04 0.564709 1.065899 0.488281 1.784698 0.537075 0.449419 0.552766 -9.919354 -6.429757 0.743937 -0.0432961 -0.00448038 -0.060332 10227.3 0.117498 0.000028 0.632051 -9.919354 -6.429757 0.743937 0.632051 23 1.172525e+04 1.172525e+04 0.000000e+00 0.000000e+00 49.561737 0.282586 0.088176 0.493431 0.289355 -0.034543 0.087010 0.067368 0.000000 0.000000 0.000000 0.000000 0.000000 0.103541 0.103541 2.471855 2.463315e+04 1.171800e+04 0 0.000000e+00 0.000000e+00 0.000000e+00 73 74 -1 25 1.150370
6 1697 9.738e+05 7.289e+05 2.237060 4.727726 0.817674 5.153678 0.537052 0.449862 0.552476 -9.380500 -6.019422 0.539495 14.1416 -1.27965 -88.7106 -2.65246e+06 0.0749907 0.000020 0.579428 -7.660732 -6.164746 0.204155 0.164923 99 7.165431e+05 7.165431e+05 5.699774e+05 3.094163e+05 0.817817 1.197065 0.109144 0.905699 0.593399 -0.167868 0.317116 -0.164754 0.758148 0.537221 0.036330 0.337535 -0.121041 0.192390 0.224552 0.793876 7.064685e+05 3.567480e+05 0 0.000000e+00 0.000000e+00 0.000000e+00 74 34 -1 1924 4.676292
7 27 1.498e+04 1.238e+04 0.574979 1.062300 0.491595 1.143234 0.479061 0.448594 0.536441 -5.767847 4.405151 -0.234682 0.0243124 0.0124443 -0.0082278 986.438 0.0122225 0.000068 0.306654 -5.767847 4.405151 -0.234682 0.306654 21 1.237665e+04 1.237665e+04 0.000000e+00 0.000000e+00 44.620136 0.453519 0.030897 0.925584 0.610962 0.174394 0.082026 -0.048972 0.000000 0.000000 0.000000 0.000000 0.000000 0.122966 0.122966 1.151483 1.144656e+04 1.171800e+04 0 0.000000e+00 0.000000e+00 0.000000e+00 77 99 -1 27 3.362903
8 2265 1.561e+06 1.551e+06 2.877315 5.254320 2.146723 5.155229 0.475284 0.446981 0.541338 -1.697839 2.209113 -5.540705 54.7154 84.4363 21.3688 -1.33701e+07 0.0291876 0.000017 0.224196 -3.964305 2.742937 -5.757279 0.106418 108 1.523631e+06 1.522980e+06 9.432312e+05 1.863012e+05 0.514313 2.344861 0.035499 0.679384 0.453916 0.556432 0.296001 -0.065541 0.721774 0.473632 0.154321 0.356002 0.222710 0.693072 0.677634 0.604689 1.316434e+06 1.529199e+06 0 0.000000e+00 0.000000e+00 0.000000e+00 87 -1 -1 4166 10000000000.000000
9 67 1.498e+04 8.468e+03 0.506658 0.905840 0.488281 1.150455 0.478870 0.446549 0.537295 -5.617992 4.190966 0.788992 -0.0144154 0.0760738 -0.100099 2949.59 0.242144 0.000109 0.465109 -5.617992 4.190966 0.788992 0.465109 21 0.000000e+00 0.000000e+00 0.000000e+00 0.000000e+00 65.241997 0.294444 0.258002 0.115692 0.061089 -0.218178 0.218508 -0.027357 0.000000 0.000000 0.000000 0.000000 0.000000 0.148480 0.148480 2.039689 1.429509e+04 1.041600e+04 0 0.000000e+00 0.000000e+00 0.000000e+00 90 99 -1 67 2.334097
10 166 6.514e+04 6.058e+04 0.976252 1.799512 0.761395 1.621783 0.477356 0.448447 0.540603 -8.628255 6.302558 -3.829090 0.230977 0.750622 -0.348008 -54816.1 0.0517645 0.000045 0.191621 -8.628255 6.302558 -3.829090 0.191621 98 6.058046e+04 6.058046e+04 3.908417e+04 0.000000e+00 9.239746 0.176961 0.065934 0.420981 0.247041 0.297646 -0.044027 -0.117468 0.572417 0.301287 0.231149 -0.019042 -0.061783 0.212619 0.212619 0.591383 5.191788e+04 5.533500e+04 0 0.000000e+00 0.000000e+00 0.000000e+00 93 87 -1 166 4.026254
11 154 6.123e+04 4.560e+04 0.888042 1.618748 0.799797 1.856461 0.476130 0.448003 0.541228 -8.699793 6.087160 -3.692201 0.107195 0.296666 -0.213573 10940.9 0.0208654 0.000049 0.303355 -8.699793 6.087160 -3.692201 0.303355 92 4.494679e+04 4.429539e+04 2.605611e+04 0.000000e+00 12.126587 0.816559 0.046947 0.476767 0.186445 0.219713 -0.192675 0.080271 0.589388 0.129400 -0.111287 0.145559 -0.113204 0.212520 0.212520 1.129200 4.477904e+04 4.491900e+04 0 0.000000e+00 0.000000e+00 0.000000e+00 95 87 -1 178 2.031374
12 32 2.084e+04 1.173e+04 0.564709 1.065899 0.488281 0.888062 0.480150 0.447553 0.536647 -5.346428 3.714613 0.445575 0.0430435 0.00960991 0.0264281 8012.23 0.0718748 0.000054 0.534176 -5.346428 3.714613 0.445575 0.534176 30 1.172525e+04 1.172525e+04 0.000000e+00 0.000000e+00 47.117496 1.577997 0.060940 0.649420 0.286158 -0.127861 0.153572 -0.033989 0.000000 0.000000 0.000000 0.000000 0.000000 0.103541 0.103541 2.202898 1.369529e+04 1.106700e+04 0 0.000000e+00 0.000000e+00 0.000000e+00 96 99 -1 32 1.360007
13 1038 5.811e+05 5.680e+05 2.058605 3.622947 2.028708 2.864035 0.480179 0.447233 0.537648 -5.945354 4.826423 0.898080 -10.5049 5.87779 8.45232 -3.07618e+06 0.0246646 0.000041 0.288831 -6.018699 4.162091 0.500746 0.100530 99 5.185166e+05 5.185166e+05 1.895582e+05 0.000000e+00 1.156731 0.673069 0.027078 0.855443 0.525768 -0.323868 -0.043441 0.420294 0.834406 0.472306 0.309135 -0.141544 -0.083547 1.818686 0.800993 0.439188 4.818759e+05 7.681800e+05 0 0.000000e+00 0.000000e+00 0.000000e+00 99 87 -1 1238 3.753886
14 166 6.319e+04 6.123e+04 0.979739 1.735649 0.849150 1.208878 0.517873 0.448414 0.515771 -8.331646 2.614385 4.280648 -0.412279 0.889213 0.193456 -83469.4 0.0723301 0.000059 0.138174 -8.331646 2.614385 4.280648 0.138174 95 5.797485e+04 5.797485e+04 2.866172e+04 0.000000e+00 9.157407 0.051832 0.075329 0.599351 0.229450 0.045643 0.313536 0.041083 0.740517 0.220551 -0.005213 0.225499 0.049472 0.328388 0.328388 0.341251 5.448339e+04 8.007300e+04 0 0.000000e+00 0.000000e+00 0.000000e+00 104 110 -1 166 1.943227
15 79 5.081e+04 4.951e+04 0.912723 1.653109 0.744339 1.310401 0.518609 0.449605 0.514446 -7.316059 3.600986 2.873480 0.420586 -0.512598 0.415505 -44212.8 0.0701469 0.000076 0.174890 -7.316059 3.600986 2.873480 0.174890 76 4.429539e+04 4.429539e+04 0.000000e+00 0.000000e+00 11.299928 0.179480 0.084084 0.465585 0.305632 0.068581 0.338883 0.175209 0.000000 0.000000 0.000000 0.000000 0.000000 0.231939 0.231939 0.496727 4.099511e+04 4.947600e+04 0 0.000000e+00 0.000000e+00 0.000000e+00 106 110 -1 90 1.935884
16 810 3.166e+05 3.166e+05 1.694128 2.980142 1.617118 3.031069 0.518922 0.449936 0.515830 -8.108863 2.253519 3.127006 6.22517 -1.40487 -2.7471 -530303 0.0208599 0.000061 0.298872 -8.148201 2.594363 3.265746 0.138487 99 2.846630e+05 2.846630e+05 3.712996e+04 0.000000e+00 2.005583 0.361252 0.033887 0.920446 0.426778 0.259289 0.250307 0.421545 0.406959 0.215055 -0.112763 0.043707 0.206911 1.688930 0.669358 0.727295 3.493361e+05 1.016211e+06 0 0.000000e+00 0.000000e+00 0.000000e+00 110 -1 -1 1721 10000000000.000000
17 350 1.042e+04 1.042e+04 0.542968 0.996597 0.496490 1.222078 0.453756 0.472897 0.511241 6.600236 -4.132605 9.734153 -0.0123074 0.0105045 0.0145841 408.899 0.00923465 0.000094 0.309906 6.600236 -4.132605 9.734153 0.309906 14 1.042244e+04 1.042244e+04 0.000000e+00 0.000000e+00 51.930374 0.779110 0.031420 0.406604 0.198344 0.153246 -0.034771 0.170675 0.000000 0.000000 0.000000 0.000000 0.000000 0.122419 0.122419 1.094916 1.473090e+05 9.114000e+03 0 0.000000e+00 0.000000e+00 0.000000e+00 126 -1 -1 1589 10000000000.000000
18 65 8.468e+03 8.468e+03 0.506658 0.905840 0.488281 1.264590 0.454249 0.475148 0.512680 5.790232 -2.332356 10.438689 -0.0323784 0.0665057 -0.00708922 894.479 0.0782977 0.000110 0.341875 5.790232 -2.332356 10.438689 0.341875 11 0.000000e+00 0.000000e+00 0.000000e+00 0.000000e+00 64.084625 0.935597 0.151494 0.411265 0.124854 -0.078210 -0.101587 0.131685 0.000000 0.000000 0.000000 0.000000 0.000000 0.148480 0.148480 1.329623 8.547223e+03 1.041600e+04 0 0.000000e+00 0.000000e+00 0.000000e+00 133 126 -1 65 5.088271
19 477 7.687e+04 7.100e+04 1.029303 1.815449 0.981863 1.013228 0.459365 0.453705 0.535130 -2.556382 1.306663 -6.306138 0.18034 -0.348145 0.232874 -126529 0.0280741 0.000036 0.138082 -2.604498 1.319613 -6.271701 0.126940 99 6.514028e+04 6.514028e+04 3.061593e+04 0.000000e+00 7.761036 0.073664 0.026866 0.698937 0.293782 0.308838 -0.054032 -0.031938 0.729717 0.506809 0.121033 -0.015619 0.155344 0.634747 0.377125 0.213823 1.524844e+05 1.816290e+05 0 0.000000e+00 0.000000e+00 0.000000e+00 141 -1 -1 1148 10000000000.000000
20 168 1.824e+04 1.824e+04 0.654315 1.148845 0.653830 0.641510 0.462328 0.449892 0.535608 -3.730620 0.677686 -5.317797 -0.051692 -0.0635654 -0.0516146 -9742.95 0.0494611 0.000093 0.129664 -3.730620 0.677686 -5.317797 0.129664 26 1.498226e+04 1.498226e+04 0.000000e+00 0.000000e+00 29.953396 0.233255 0.054956 0.401858 0.041829 0.074162 -0.214831 0.282354 0.000000 0.000000 0.000000 0.000000 0.000000 0.283906 0.283906 0.248156 4.793148e+04 4.166400e+04 0 0.000000e+00 0.000000e+00 0.000000e+00 142 141 -1 212 6.862147
21 238 1.368e+04 1.368e+04 0.594485 1.045462 0.592152 0.727839 0.464416 0.451824 0.538102 -3.928983 0.658059 -4.894115 -0.0952971 -0.0237874 -0.0335654 -4439.47 0.0734674 0.000098 0.175082 -3.928983 0.658059 -4.894115 0.175082 19 1.107385e+04 1.107385e+04 0.000000e+00 0.000000e+00 40.085281 0.300499 0.095154 0.473409 0.387915 -0.157081 0.207999 -0.179766 0.000000 0.000000 0.000000 0.000000 0.000000 0.237317 0.237317 0.401431 4.372589e+04 2.473800e+04 0 0.000000e+00 0.000000e+00 0.000000e+00 144 141 -1 238 8.068967
22 78 9.771e+03 9.771e+03 0.531412 0.933916 0.530036 1.141456 0.430577 0.471590 0.539598 0.071726 -13.167583 -1.810400 0.0310317 0.0915109 0.0450814 -714.317 0.0702065 0.000104 0.256472 0.071726 -13.167583 -1.810400 0.256472 13 0.000000e+00 0.000000e+00 0.000000e+00 0.000000e+00 55.750580 0.886109 0.171252 0.443162 0.079833 -0.178897 -0.016167 0.183032 0.000000 0.000000 0.000000 0.000000 0.000000 0.218105 0.218105 0.805552 5.240199e+04 1.627500e+04 0 0.000000e+00 0.000000e+00 0.000000e+00 147 158 -1 679 24.968826
23 164 9.120e+03 9.120e+03 0.519330 0.940035 0.488281 1.134579 0.447741 0.483367 0.535304 1.752913 -12.124758 -1.293234 -0.00157869 0.0446337 0.0365585 -657.088 0.0433091 0.000101 0.271423 1.752913 -12.124758 -1.293234 0.271423 12 9.119639e+03 9.119639e+03 0.000000e+00 0.000000e+00 60.602177 0.879920 0.104004 0.088481 0.039656 0.182668 0.077512 -0.147595 0.000000 0.000000 0.000000 0.000000 0.000000 0.132757 0.132757 0.795111 1.555782e+04 9.114000e+03 0 0.000000e+00 0.000000e+00 0.000000e+00 161 159 -1 196 3.476235
24 658 8.924e+04 8.924e+04 1.110813 1.956835 0.764619 1.278316 0.499971 0.451713 0.521973 -6.988910 5.281442 1.181905 0.222703 -0.29606 0.258135 -178936 0.0186649 0.000056 0.119569 -6.983458 5.269895 1.219086 0.111943 99 8.403096e+04 8.403096e+04 4.234118e+04 0.000000e+00 6.221191 0.080531 0.018172 0.635697 0.308596 0.007078 -0.218560 0.312025 0.520759 0.425724 0.047629 -0.152513 0.215448 0.842675 0.419873 0.278500 1.590029e+05 3.463320e+05 0 0.000000e+00 0.000000e+00 0.000000e+00 164 -1 -1 788 10000000000.000000
25 62 8.468e+03 8.468e+03 0.506658 0.904173 0.490083 1.015243 0.489501 0.450108 0.537267 -6.504034 1.568420 -1.936015 0.0200194 0.0303981 -0.00241703 588.235 0.0311702 0.000119 0.336337 -6.504034 1.568420 -1.936015 0.336337 11 0.000000e+00 0.000000e+00 0.000000e+00 0.000000e+00 65.705315 0.535765 0.074369 0.597317 0.469353 0.037879 0.208749 -0.022058 0.000000 0.000000 0.000000 0.000000 0.000000 0.152051 0.152051 1.216881 1.061570e+04 9.114000e+03 0 0.000000e+00 0.000000e+00 0.000000e+00 169 168 -1 62 3.827246
26 408 2.182e+05 1.407e+05 1.292862 2.273875 1.251745 3.254756 0.456724 0.508880 0.545632 -1.163740 -11.084334 -3.578912 8.48358 -2.48101 -1.31197 386848 0.174003 0.000051 0.443798 -0.879874 -11.063706 -3.256047 0.265092 99 1.270235e+05 1.263721e+05 4.168978e+04 0.000000e+00 3.518254 1.551303 0.168381 0.465660 0.156943 -0.125299 -0.034926 0.365001 0.165377 0.100407 -0.131670 -0.062127 0.173673 1.214694 0.514036 1.705696 1.603261e+05 2.968560e+05 0 0.000000e+00 0.000000e+00 0.000000e+00 180 -1 -1 646 10000000000.000000
27 161 8.989e+04 8.989e+04 1.113510 2.008385 1.023860 3.216826 0.457941 0.510821 0.546398 -0.200494 -8.966933 -3.943963 0.839213 0.753305 2.83648 222152 0.138058 0.000045 0.313579 0.016624 -9.067549 -3.937099 0.280909 99 8.793938e+04 8.793938e+04 4.038697e+04 0.000000e+00 6.630003 0.222619 0.121366 0.679102 0.481273 0.107301 0.286016 -0.159787 0.871069 0.516375 0.188525 -0.005880 0.115894 0.922404 0.295146 1.891887 8.000341e+04 1.367100e+05 0 0.000000e+00 0.000000e+00 0.000000e+00 181 180 -1 213 2.435973
28 50 9.771e+03 9.771e+03 0.531412 0.973028 0.488281 0.750050 0.505866 0.447751 0.547416 -1.869239 0.479258 -3.780762 -0.0318954 0.0174172 0.00991517 -1182.5 0.0319117 0.000096 0.237252 -1.869239 0.479258 -3.780762 0.237252 13 9.771042e+03 9.771042e+03 0.000000e+00 0.000000e+00 57.989429 0.282983 0.060500 0.384431 0.108542 -0.002267 -0.170832 0.218129 0.000000 0.000000 0.000000 0.000000 0.000000 0.122280 0.122280 0.683954 1.158368e+04 9.765000e+03 0 0.000000e+00 0.000000e+00 0.000000e+00 182 184 -1 50 9.159406
29 570 2.410e+04 2.410e+04 0.718017 1.278830 0.659587 1.030158 0.510383 0.448525 0.549398 -1.693650 0.178160 -1.892637 -0.0399698 0.00347322 -0.121017 -10634.6 0.0338949 0.000076 0.186832 -1.693650 0.178160 -1.892637 0.186832 35 2.345050e+04 2.345050e+04 0.000000e+00 0.000000e+00 23.615234 0.068812 0.045474 0.038678 0.021493 0.327932 0.117809 -0.033940 0.000000 0.000000 0.000000 0.000000 0.000000 0.221368 0.221368 0.536228 1.201490e+05 3.645600e+04 0 0.000000e+00 0.000000e+00 0.000000e+00 184 -1 -1 620 10000000000.000000
30 220 1.303e+04 1.303e+04 0.584895 1.036494 0.516379 1.134383 0.525964 0.467053 0.550245 -7.159441 -10.254758 -2.641312 0.0449633 -0.03694 -0.0282898 -1046.16 0.0251155 0.000081 0.258021 -7.159441 -10.254758 -2.641312 0.258021 18 1.172525e+04 1.172525e+04 0.000000e+00 0.000000e+00 44.669949 0.639129 0.064337 0.138963 0.020163 0.154369 -0.092689 0.169647 0.000000 0.000000 0.000000 0.000000 0.000000 0.194968 0.194968 0.848116 4.886880e+04 1.757700e+04 0 0.000000e+00 0.000000e+00 0.000000e+00 186 185 -1 220 6.417772
31 57 7.817e+03 7.817e+03 0.493319 0.870303 0.488281 0.752508 0.488947 0.445224 0.544666 -4.892112 0.883388 -4.760230 -0.0165697 0.0141311 -0.0317174 -1198.72 0.0573271 0.000068 0.213021 -4.892112 0.883388 -4.760230 0.213021 10 0.000000e+00 0.000000e+00 0.000000e+00 0.000000e+00 71.401642 0.573566 0.089644 0.464828 0.404506 0.155689 0.012216 -0.052956 0.000000 0.000000 0.000000 0.000000 0.000000 0.179748 0.179748 0.469915 9.921045e+03 1.041600e+04 0 0.000000e+00 0.000000e+00 0.000000e+00 187 188 -1 57 9.935467
32 157 7.817e+03 7.817e+03 0.493319 0.870303 0.488281 1.065346 0.493782 0.446130 0.543823 -4.368796 1.161988 -5.839622 -0.0717648 -0.00545443 -0.051573 962.844 0.11824 0.000111 0.367491 -4.368796 1.161988 -5.839622 0.367491 10 0.000000e+00 0.000000e+00 0.000000e+00 0.000000e+00 71.633842 0.615414 0.206303 0.232515 0.068313 -0.145934 0.279118 0.175148 0.000000 0.000000 0.000000 0.000000 0.000000 0.179748 0.179748 1.425779 4.903746e+04 1.497300e+04 0 0.000000e+00 0.000000e+00 0.000000e+00 188 -1 -1 476 10000000000.000000
33 158 9.771e+03 9.771e+03 0.531412 0.954357 0.507574 1.338993 0.496060 0.446519 0.544704 -4.542433 1.013411 -5.237639 -0.00456337 -0.0372434 0.00781561 4155.6 0.0608674 0.000114 0.428224 -4.542433 1.013411 -5.237639 0.428224 13 9.771042e+03 9.771042e+03 0.000000e+00 0.000000e+00 57.414360 0.467112 0.061556 0.547792 0.175701 -0.185206 0.212168 0.067391 0.000000 0.000000 0.000000 0.000000 0.000000 0.147633 0.147633 2.115160 3.396381e+04 1.171800e+04 0 0.000000e+00 0.000000e+00 0.000000e+00 190 188 -1 262 3.848447
34 87 4.234e+04 4.169e+04 0.861908 1.520085 0.853639 0.891666 0.459949 0.495908 0.531944 0.905872 -12.270714 -1.870947 -0.0249874 -0.121453 -0.0807811 -45117.8 0.0205941 0.000077 0.121640 0.905872 -12.270714 -1.870947 0.121640 63 3.778136e+04 3.778136e+04 0.000000e+00 0.000000e+00 13.428392 0.174283 0.021177 0.391590 0.159597 0.217950 0.260452 0.158087 0.000000 0.000000 0.000000 0.000000 0.000000 0.316390 0.316390 0.261699 3.771927e+04 5.468400e+04 0 0.000000e+00 0.000000e+00 0.000000e+00 192 194 -1 87 1.830549
35 348 5.472e+04 5.472e+04 0.943686 1.689796 0.863478 0.999925 0.461261 0.496664 0.532097 1.183743 -11.690072 -2.295593 0.0580425 0.0525967 0.204114 -74910.8 0.019864 0.000064 0.112715 1.183743 -11.690072 -2.295593 0.112715 82 5.211222e+04 5.211222e+04 0.000000e+00 0.000000e+00 10.385643 0.142524 0.019884 0.577120 0.321762 -0.162085 0.194085 -0.216568 0.000000 0.000000 0.000000 0.000000 0.000000 0.271329 0.271329 0.265156 1.272529e+05 7.030800e+04 0 0.000000e+00 0.000000e+00 0.000000e+00 194 -1 -1 435 10000000000.000000
36 260 3.452e+04 3.452e+04 0.809393 1.432871 0.795594 1.446931 0.546357 0.438990 0.529320 -2.994073 3.081137 1.932103 -0.113479 -0.287944 -0.126059 -5579.59 0.0262052 0.000092 0.212508 -2.994073 3.081137 1.932103 0.212508 51 2.801032e+04 2.801032e+04 0.000000e+00 0.000000e+00 16.537462 0.088882 0.065481 0.476421 0.096431 0.265553 -0.255517 -0.071573 0.000000 0.000000 0.000000 0.000000 0.000000 0.274705 0.274705 0.867232 8.266744e+04 5.598600e+04 0 0.000000e+00 0.000000e+00 0.000000e+00 200 -1 -1 306 10000000000.000000
37 252 3.192e+04 3.192e+04 0.788496 1.405209 0.764794 0.914593 0.478806 0.504713 0.534069 -2.906096 -10.023493 -6.071814 0.114018 0.0126327 -0.0264439 -25943.6 0.0242202 0.000084 0.135686 -2.906096 -10.023493 -6.071814 0.135686 47 3.061593e+04 3.061593e+04 0.000000e+00 0.000000e+00 17.871019 0.246409 0.026291 0.595595 0.269108 -0.089377 0.274519 -0.106470 0.000000 0.000000 0.000000 0.000000 0.000000 0.241055 0.241055 0.328305 4.178994e+04 4.036200e+04 0 0.000000e+00 0.000000e+00 0.000000e+00 203 -1 -1 264 10000000000.000000
38 235 2.019e+04 2.019e+04 0.676895 1.220414 0.620779 0.687421 0.447717 0.445408 0.550069 -3.428214 3.593926 -4.615223 -0.0892558 0.0916319 0.0561465 -12032.3 0.0614818 0.000073 0.132383 -3.428214 3.593926 -4.615223 0.132383 29 1.954208e+04 1.954208e+04 0.000000e+00 0.000000e+00 26.977360 0.218712 0.066914 0.925543 0.245791 0.270819 0.016793 0.060836 0.000000 0.000000 0.000000 0.000000 0.000000 0.180145 0.180145 0.250242 5.314490e+04 2.213400e+04 0 0.000000e+00 0.000000e+00 0.000000e+00 207 -1 -1 264 10000000000.000000
39 135 7.817e+03 7.817e+03 0.493319 0.870303 0.488281 1.164437 0.479076 0.454953 0.529070 -6.602650 5.478374 0.133146 -0.0305539 -0.00620801 0.027217 1171.93 0.0609741 0.000099 0.389996 -6.602650 5.478374 0.133146 0.389996 10 0.000000e+00 0.000000e+00 0.000000e+00 0.000000e+00 70.499832 0.715043 0.096430 0.531616 0.396393 0.180226 -0.130050 -0.104585 0.000000 0.000000 0.000000 0.000000 0.000000 0.179748 0.179748 1.518238 1.604550e+04 1.106700e+04 0 0.000000e+00 0.000000e+00 0.000000e+00 211 -1 -1 227 10000000000.000000
40 167 2.150e+04 2.150e+04 0.691150 1.221742 0.681373 0.652390 0.498208 0.458035 0.516250 -9.795407 2.726994 -0.024570 0.00685265 0.0243851 0.0190219 -14150.7 0.0129311 0.000073 0.112610 -9.795407 2.726994 -0.024570 0.112610 31 1.758788e+04 1.758788e+04 0.000000e+00 0.000000e+00 25.834728 0.308120 0.013671 0.513635 0.152383 -0.076528 0.226382 -0.110732 0.000000 0.000000 0.000000 0.000000 0.000000 0.241255 0.241255 0.190134 3.535586e+04 3.124800e+04 0 0.000000e+00 0.000000e+00 0.000000e+00 216 -1 -1 167 10000000000.000000
41 164 9.120e+03 9.120e+03 0.519330 0.923058 0.506407 0.927746 0.422882 0.461755 0.542675 -1.091269 -11.935852 -0.947091 -0.00987633 -0.00723703 0.0234383 -2356.89 0.0375804 0.000108 0.150994 -1.091269 -11.935852 -0.947091 0.150994 12 0.000000e+00 0.000000e+00 0.000000e+00 0.000000e+00 59.253433 0.858786 0.047651 0.070593 0.040645 0.354284 -0.044842 0.185403 0.000000 0.000000 0.000000 0.000000 0.000000 0.164984 0.164984 0.260593 3.771599e+04 1.627500e+04 0 0.000000e+00 0.000000e+00 0.000000e+00 219 -1 -1 164 10000000000.000000
42 114 2.410e+04 2.410e+04 0.718017 1.337433 0.568591 0.626042 0.515760 0.450033 0.553172 -0.134270 -0.142855 -4.809144 -0.0543753 -0.0802397 0.00719332 -19952.8 0.0353939 0.000065 0.111372 -0.134270 -0.142855 -4.809144 0.111372 35 2.279910e+04 2.279910e+04 0.000000e+00 0.000000e+00 23.761883 0.130085 0.034667 0.316755 0.058931 0.049561 0.241260 0.026029 0.000000 0.000000 0.000000 0.000000 0.000000 0.144392 0.144392 0.172374 2.276803e+04 2.148300e+04 0 0.000000e+00 0.000000e+00 0.000000e+00 229 -1 -1 114 10000000000.000000
43 56 9.120e+03 9.120e+03 0.519330 0.917148 0.512955 1.701187 0.490081 0.491920 0.517522 -8.456013 -16.475286 -6.167261 -0.00985796 0.0184698 0.0289129 1765.98 0.0439129 0.000114 0.375744 -8.456013 -16.475286 -6.167261 0.375744 12 0.000000e+00 0.000000e+00 0.000000e+00 0.000000e+00 61.832989 1.394184 0.064325 0.849700 0.018976 0.156644 -0.014905 0.200668 0.000000 0.000000 0.000000 0.000000 0.000000 0.184861 0.184861 1.550659 1.192173e+04 1.432200e+04 0 0.000000e+00 0.000000e+00 0.000000e+00 232 -1 -1 96 10000000000.000000
44 95 7.817e+03 7.817e+03 0.493319 0.870032 0.488585 1.259077 0.463876 0.472449 0.511438 10.109237 -5.315611 9.077725 0.00674113 0.0433025 -0.0204055 -1372.5 0.0770752 0.000115 0.198687 10.109237 -5.315611 9.077725 0.198687 10 0.000000e+00 0.000000e+00 0.000000e+00 0.000000e+00 69.694893 1.215803 0.112636 0.081429 0.000000 0.289861 0.129393 -0.017916 0.000000 0.000000 0.000000 0.000000 0.000000 0.181083 0.181083 0.393067 1.540261e+04 1.432200e+04 0 0.000000e+00 0.000000e+00 0.000000e+00 233 -1 -1 95 10000000000.000000
45 86 7.817e+03 7.817e+03 0.493319 0.870303 0.488281 1.012331 0.510468 0.453516 0.513952 -6.616702 3.715908 3.423513 0.0466599 0.0286492 0.0180928 41.7714 0.0160394 0.000135 0.316303 -6.616702 3.715908 3.423513 0.316303 10 0.000000e+00 0.000000e+00 0.000000e+00 0.000000e+00 71.234077 0.693768 0.134359 0.896364 0.200277 0.120899 -0.109288 -0.036429 0.000000 0.000000 0.000000 0.000000 0.000000 0.179748 0.179748 1.018472 1.176125e+04 1.171800e+04 0 0.000000e+00 0.000000e+00 0.000000e+00 236 -1 -1 86 10000000000.000000
46 77 8.468e+03 8.468e+03 0.506658 0.899096 0.495634 0.994330 0.469500 0.449005 0.544518 -4.482225 -5.695516 -7.179752 0.0228134 -0.012247 0.0340892 -856.15 0.0441294 0.000114 0.249154 -4.482225 -5.695516 -7.179752 0.249154 11 0.000000e+00 0.000000e+00 0.000000e+00 0.000000e+00 65.236008 0.784759 0.087274 0.157566 0.011047 -0.017842 0.229793 -0.182214 0.000000 0.000000 0.000000 0.000000 0.000000 0.165032 0.165032 0.684502 8.718926e+03 1.106700e+04 0 0.000000e+00 0.000000e+00 0.000000e+00 238 -1 -1 77 10000000000.000000
47 57 7.817e+03 7.817e+03 0.493319 0.867942 0.490942 0.986891 0.498391 0.447570 0.510835 -5.992036 6.476616 4.461930 0.0262636 0.0126645 -0.0018154 -982.057 0.0394 0.000114 0.245522 -5.992036 6.476616 4.461930 0.245522 10 0.000000e+00 0.000000e+00 0.000000e+00 0.000000e+00 70.240395 0.823946 0.068069 0.402739 0.088622 0.051956 0.309027 -0.017257 0.000000 0.000000 0.000000 0.000000 0.000000 0.193801 0.193801 0.565725 8.306282e+03 1.106700e+04 0 0.000000e+00 0.000000e+00 0.000000e+00 245 -1 -1 57 10000000000.000000
48 29 1.042e+04 8.468e+03 0.506658 0.892108 0.503429 1.384404 0.457578 0.475331 0.513241 6.511958 -1.846943 11.019569 -0.107902 0.00305888 -0.0040724 1688.19 0.156371 0.000133 0.342860 6.511958 -1.846943 11.019569 0.342860 14 0.000000e+00 0.000000e+00 0.000000e+00 0.000000e+00 64.227463 1.042922 0.220229 0.000000 0.000000 -0.162572 0.437498 0.071049 0.000000 0.000000 0.000000 0.000000 0.000000 0.194183 0.194183 1.623050 7.806890e+03 1.171800e+04 0 0.000000e+00 0.000000e+00 0.000000e+00 294 -1 -1 29 10000000000.000000
49 745 3.498e+05 3.492e+05 1.750340 3.228787 1.294866 2.440830 0.429197 0.446051 0.538912 -2.948966 3.604692 -3.657321 -14.3194 -10.1596 11.31 -1.63948e+06 0.0863103 0.000042 0.236631 -2.766359 3.721496 -3.183929 0.106407 99 3.413351e+05 3.413351e+05 2.123573e+05 0.000000e+00 1.291625 0.516852 0.086525 0.439092 0.376621 -0.094900 0.395049 0.333702 0.402301 0.215802 -0.038581 0.289339 0.253411 0.408829 0.378955 0.396491 2.948542e+05 3.359160e+05 0 0.000000e+00 0.000000e+00 0.000000e+00 691 805 -1 812 6.599121
50 26 9.120e+03 8.468e+03 0.506658 0.905840 0.488281 1.045108 0.430539 0.443367 0.536515 -2.013887 4.641272 -2.109646 -0.0100626 0.0198543 0.0110582 1494.15 0.0338475 0.000105 0.375041 -2.013887 4.641272 -2.109646 0.375041 12 0.000000e+00 0.000000e+00 0.000000e+00 0.000000e+00 62.977234 0.385963 0.050671 0.748345 0.687155 -0.045546 0.225207 0.058321 0.000000 0.000000 0.000000 0.000000 0.000000 0.148480 0.148480 1.538369 7.259116e+03 8.463000e+03 0 0.000000e+00 0.000000e+00 0.000000e+00 693 691 -1 26 7.294435
51 36 8.468e+03 8.468e+03 0.506658 0.900733 0.493834 1.317870 0.412911 0.452073 0.545893 -2.286392 -1.088073 -2.188081 -0.0273778 -0.0159606 -0.016812 4546.5 0.0852208 0.000105 0.497528 -2.286392 -1.088073 -2.188081 0.497528 11 0.000000e+00 0.000000e+00 0.000000e+00 0.000000e+00 63.019733 0.257425 0.073137 0.380426 0.168295 0.178884 -0.112446 0.066472 0.000000 0.000000 0.000000 0.000000 0.000000 0.160426 0.160426 2.675420 1.300356e+04 1.236900e+04 0 0.000000e+00 0.000000e+00 0.000000e+00 716 717 -1 149 2.974331
52 77 1.368e+04 1.107e+04 0.554052 1.006014 0.517691 1.652455 0.414383 0.452332 0.544924 -1.865199 -1.706359 -2.544460 -0.0798133 -0.00295503 -0.0270141 10424.3 0.15509 0.000099 0.423047 -1.865199 -1.706359 -2.544460 0.423047 19 1.107385e+04 1.107385e+04 0.000000e+00 0.000000e+00 48.283142 0.306094 0.109929 0.804128 0.771224 0.199181 0.105512 -0.060468 0.000000 0.000000 0.000000 0.000000 0.000000 0.137435 0.137435 3.112795 1.331434e+04 1.106700e+04 0 0.000000e+00 0.000000e+00 0.000000e+00 717 745 -1 226 12.403592
53 61 1.303e+04 1.238e+04 0.574979 1.093516 0.489704 1.117245 0.421601 0.452071 0.539462 -1.004783 -4.132277 -3.211338 -0.0520217 0.0290491 0.0724372 1133.56 0.0430825 0.000076 0.319068 -1.004783 -4.132277 -3.211338 0.319068 18 1.237665e+04 1.237665e+04 0.000000e+00 0.000000e+00 43.193859 0.277411 0.101594 0.531992 0.514093 0.191038 0.083952 -0.124820 0.000000 0.000000 0.000000 0.000000 0.000000 0.100349 0.100349 1.176731 1.184447e+04 9.765000e+03 0 0.000000e+00 0.000000e+00 0.000000e+00 721 724 -1 61 3.051745
54 73 2.345e+04 2.150e+04 0.691150 1.216139 0.687666 1.654405 0.422526 0.453215 0.538886 -0.572317 -1.827099 -2.727048 -0.0151354 0.156456 -0.0326794 11082 0.0579986 0.000076 0.315961 -0.572317 -1.827099 -2.727048 0.315961 34 1.889068e+04 1.889068e+04 0.000000e+00 0.000000e+00 24.860912 0.038071 0.069290 0.606756 0.396802 0.186259 -0.162710 -0.123164 0.000000 0.000000 0.000000 0.000000 0.000000 0.270505 0.270505 1.602517 3.181490e+04 3.710700e+04 0 0.000000e+00 0.000000e+00 0.000000e+00 723 724 -1 161 2.090585
55 229 3.127e+04 2.736e+04 0.749004 1.315560 0.747925 1.848859 0.421341 0.453215 0.539762 -0.716607 -1.307367 -2.448962 0.189164 0.263517 0.148287 21697.7 0.0986594 0.000085 0.357895 -0.716607 -1.307367 -2.448962 0.357895 46 2.410190e+04 2.410190e+04 0.000000e+00 0.000000e+00 19.558493 0.340042 0.102988 0.183648 0.042295 0.322486 0.188708 -0.194815 0.000000 0.000000 0.000000 0.000000 0.000000 0.316909 0.316909 1.764809 9.934515e+04 6.510000e+04 0 0.000000e+00 0.000000e+00 0.000000e+00 724 733 -1 715 9.223861
56 186 1.173e+04 1.173e+04 0.564709 1.025258 0.527759 1.246998 0.419690 0.452142 0.540960 -1.144908 -3.907138 -2.888994 0.0759934 -0.0430018 -0.0307612 3472.72 0.0852006 0.000063 0.358163 -1.144908 -3.907138 -2.888994 0.358163 16 1.172525e+04 1.172525e+04 0.000000e+00 0.000000e+00 45.565823 0.277349 0.109726 0.794767 0.285740 -0.074705 -0.086307 0.166289 0.000000 0.000000 0.000000 0.000000 0.000000 0.140217 0.140217 1.625670 2.067124e+04 1.171800e+04 0 0.000000e+00 0.000000e+00 0.000000e+00 725 724 -1 186 3.913770
57 57 1.107e+04 9.771e+03 0.531412 0.963275 0.498219 1.075573 0.419749 0.452918 0.541096 -0.957770 -1.682659 -2.450701 0.0147603 0.0626709 0.0409386 1800.56 0.0797591 0.000101 0.384029 -0.957770 -1.682659 -2.450701 0.384029 15 9.771042e+03 9.771042e+03 0.000000e+00 0.000000e+00 54.765545 0.173907 0.122541 0.169605 0.046788 -0.093894 0.264505 0.041070 0.000000 0.000000 0.000000 0.000000 0.000000 0.133967 0.133967 1.474370 8.689305e+03 9.765000e+03 0 0.000000e+00 0.000000e+00 0.000000e+00 726 722 -1 57 1.510206
58 46 2.215e+04 1.889e+04 0.662014 1.200289 0.620378 1.973659 0.423596 0.453443 0.538386 -0.495188 -1.544338 -2.857209 0.320674 0.222318 -0.238177 23113.1 0.329443 0.000077 0.437735 -0.495188 -1.544338 -2.857209 0.437735 32 1.889068e+04 1.889068e+04 0.000000e+00 0.000000e+00 28.353184 0.112879 0.244719 0.591319 0.153063 -0.127485 0.196827 0.034318 0.000000 0.000000 0.000000 0.000000 0.000000 0.166522 0.166522 2.619167 2.112899e+04 1.887900e+04 0 0.000000e+00 0.000000e+00 0.000000e+00 729 723 -1 88 2.036002
59 42 1.107e+04 8.468e+03 0.506658 0.905840 0.488281 1.238505 0.424037 0.453216 0.537992 -0.443087 -1.816639 -2.900559 0.00128736 -0.0247391 -0.0318295 2785.36 0.074996 0.000063 0.551214 -0.443087 -1.816639 -2.900559 0.551214 15 0.000000e+00 0.000000e+00 0.000000e+00 0.000000e+00 63.156864 0.333068 0.082230 0.261914 0.138176 -0.105029 0.206310 0.014959 0.000000 0.000000 0.000000 0.000000 0.000000 0.148480 0.148480 1.821143 7.671317e+03 9.114000e+03 0 0.000000e+00 0.000000e+00 0.000000e+00 730 729 -1 42 1.446541
60 85 2.540e+04 1.954e+04 0.669537 1.177681 0.666647 1.439186 0.424639 0.454432 0.538193 1.705559 -0.135781 0.933802 0.136606 -0.210404 -0.13703 6181.79 0.0978757 0.000088 0.275640 1.705559 -0.135781 0.933802 0.275640 37 1.498226e+04 1.498226e+04 0.000000e+00 0.000000e+00 27.350321 0.100213 0.144604 0.779223 0.007012 0.206008 0.114084 0.083760 0.000000 0.000000 0.000000 0.000000 0.000000 0.265353 0.265353 1.411431 2.087081e+04 3.189900e+04 0 0.000000e+00 0.000000e+00 0.000000e+00 731 727 -1 85 4.358869
61 82 1.889e+04 1.889e+04 0.662014 1.236151 0.564735 0.673003 0.427635 0.449826 0.537998 -2.493208 2.394614 -4.277384 0.0187156 0.0339305 0.0497925 -11148.5 0.0315783 0.000075 0.136807 -2.493208 2.394614 -4.277384 0.136807 27 1.889068e+04 1.889068e+04 0.000000e+00 0.000000e+00 28.322886 0.189643 0.033775 0.873788 0.335238 0.100576 0.063653 0.243576 0.000000 0.000000 0.000000 0.000000 0.000000 0.130782 0.130782 0.261041 3.117398e+04 1.562400e+04 0 0.000000e+00 0.000000e+00 0.000000e+00 732 733 -1 94 6.610245
62 1163 3.075e+05 2.873e+05 1.640138 2.879936 1.638713 3.503982 0.427966 0.452280 0.536844 -2.294648 -0.242228 -3.964198 -19.1747 -8.68504 5.94941 96738.9 0.0357628 0.000060 0.290823 -1.970031 -0.692017 -3.804435 0.174839 99 2.442760e+05 2.442760e+05 6.514028e+04 0.000000e+00 1.878306 0.335146 0.125446 0.494286 0.298192 0.229944 0.172114 0.491410 0.748377 0.535739 -0.104382 0.292784 -0.038913 1.608026 0.707889 1.058786 4.658832e+05 1.065687e+06 0 0.000000e+00 0.000000e+00 0.000000e+00 733 805 -1 2388 3.818708
63 130 1.238e+04 1.238e+04 0.574979 1.048222 0.532939 0.961833 0.422416 0.458118 0.545259 -2.499323 -9.799220 -3.122474 -0.0224436 -0.0368726 0.0121933 -2191.37 0.0286467 0.000103 0.224467 -2.499323 -9.799220 -3.122474 0.224467 17 1.237665e+04 1.237665e+04 0.000000e+00 0.000000e+00 43.628578 0.557053 0.048586 0.459158 0.192626 -0.097709 -0.010969 0.299518 0.000000 0.000000 0.000000 0.000000 0.000000 0.137443 0.137443 0.646990 2.675534e+04 1.236900e+04 0 0.000000e+00 0.000000e+00 0.000000e+00 737 741 -1 207 3.943034
64 83 1.629e+04 1.498e+04 0.612788 1.081102 0.580122 0.894609 0.423559 0.457965 0.544148 -2.403133 -9.672564 -3.096754 0.0160434 0.0306494 -0.0232579 -4030.26 0.0223936 0.000087 0.249786 -2.403133 -9.672564 -3.096754 0.249786 23 1.433086e+04 1.433086e+04 0.000000e+00 0.000000e+00 35.977203 0.407571 0.032837 0.580662 0.384133 0.089020 -0.067481 0.230887 0.000000 0.000000 0.000000 0.000000 0.000000 0.223111 0.223111 0.558609 2.365230e+04 2.864400e+04 0 0.000000e+00 0.000000e+00 0.000000e+00 739 741 -1 83 2.059566
65 140 1.368e+04 1.368e+04 0.594485 1.048708 0.588492 1.552761 0.425053 0.458128 0.543820 -2.558185 -9.669085 -3.255065 -0.0250365 0.0547109 0.0874174 7508.95 0.0976867 0.000094 0.387362 -2.558185 -9.669085 -3.255065 0.387362 19 1.237665e+04 1.237665e+04 0.000000e+00 0.000000e+00 39.507622 0.500863 0.097285 0.322718 0.259567 0.137355 -0.065953 0.174991 0.000000 0.000000 0.000000 0.000000 0.000000 0.216946 0.216946 2.013193 9.580532e+04 3.450300e+04 0 0.000000e+00 0.000000e+00 0.000000e+00 741 805 -1 533 18.098145
66 459 4.299e+04 4.299e+04 0.870794 1.531557 0.867177 1.116879 0.417833 0.457773 0.549011 -2.845015 -8.649042 -3.191009 0.139464 -0.0101878 -0.0377246 -39283.2 0.0174143 0.000071 0.143989 -2.845015 -8.649042 -3.191009 0.143989 64 3.908417e+04 3.908417e+04 0.000000e+00 0.000000e+00 12.438774 0.146180 0.019689 0.393325 0.128755 0.233847 0.006120 -0.217561 0.000000 0.000000 0.000000 0.000000 0.000000 0.346137 0.346137 0.391241 1.303148e+05 1.080660e+05 0 0.000000e+00 0.000000e+00 0.000000e+00 745 805 -1 985 20.651934
67 143 2.084e+04 2.084e+04 0.684097 1.224821 0.657408 0.824476 0.416330 0.459110 0.550369 -2.365025 -11.130070 -2.959013 0.0132527 -0.0526356 0.104145 -12272.3 0.0482163 0.000086 0.147270 -2.365025 -11.130070 -2.959013 0.147270 30 2.084489e+04 2.084489e+04 0.000000e+00 0.000000e+00 25.852314 0.367407 0.053355 0.451956 0.156425 0.194774 -0.058513 -0.178591 0.000000 0.000000 0.000000 0.000000 0.000000 0.196978 0.196978 0.293500 3.080834e+04 2.408700e+04 0 0.000000e+00 0.000000e+00 0.000000e+00 746 745 -1 143 3.956817
68 41 9.120e+03 9.120e+03 0.519330 0.917153 0.512949 0.898184 0.435242 0.443697 0.536774 2.915570 5.607269 5.725559 0.0331965 0.00830553 -0.0199014 -1131.7 0.0389831 0.000110 0.244774 2.915570 5.607269 5.725559 0.244774 12 0.000000e+00 0.000000e+00 0.000000e+00 0.000000e+00 58.717663 0.609131 0.071333 0.656219 0.226420 -0.065638 0.186214 -0.039062 0.000000 0.000000 0.000000 0.000000 0.000000 0.184839 0.184839 0.645058 1.339779e+04 1.692600e+04 0 0.000000e+00 0.000000e+00 0.000000e+00 751 754 -1 41 7.744575
69 119 2.540e+04 2.280e+04 0.704840 1.295850 0.624021 1.280484 0.435451 0.442080 0.532762 -1.621526 8.758833 0.387694 0.144323 -0.0133736 0.0462665 -2259.72 0.0214243 0.000060 0.354790 -1.621526 8.758833 0.387694 0.354790 37 2.214769e+04 2.214769e+04 0.000000e+00 0.000000e+00 23.387140 0.235950 0.059529 0.525634 0.317330 0.059701 0.245985 -0.025769 0.000000 0.000000 0.000000 0.000000 0.000000 0.156762 0.156762 0.898311 2.568980e+04 2.213400e+04 0 0.000000e+00 0.000000e+00 0.000000e+00 752 754 -1 119 5.072069
70 1619 6.403e+05 6.234e+05 2.123431 3.743557 1.944076 3.610791 0.438075 0.442868 0.535008 -3.184279 5.821307 3.755777 31.2348 21.9645 -3.70601 -1.73797e+06 0.0383223 0.000035 0.200167 -2.161148 4.871717 4.380504 0.121843 99 5.862625e+05 5.862625e+05 2.208255e+05 0.000000e+00 0.983931 1.608679 0.060485 0.704466 0.369634 0.466875 -0.096224 0.279783 0.550798 0.388145 0.347869 0.122716 0.023201 1.417237 0.786609 0.733983 5.364951e+05 1.182216e+06 0 0.000000e+00 0.000000e+00 0.000000e+00 754 805 -1 2412 6.429475
71 88 5.732e+04 4.625e+04 0.892251 1.812988 0.543836 1.509329 0.437709 0.444099 0.533629 -1.395521 6.556828 4.792448 0.140837 -0.413895 -0.347245 -10035.1 0.0282675 0.000048 0.368115 -1.395521 6.556828 4.792448 0.368115 86 4.559820e+04 4.559820e+04 4.168978e+04 0.000000e+00 11.544452 1.120813 0.067201 0.498366 0.301512 0.004505 -0.114498 0.271589 0.562618 0.296218 -0.021759 -0.098477 0.225164 0.107789 0.107789 0.896006 4.802095e+04 2.799300e+04 0 0.000000e+00 0.000000e+00 0.000000e+00 755 754 -1 88 1.871330
72 124 1.173e+04 1.173e+04 0.564709 1.020389 0.532808 1.252549 0.446327 0.452521 0.528908 -3.186148 5.488488 2.025551 -0.00110655 -0.0759912 0.0776248 3137.96 0.0950386 0.000106 0.352950 -3.186148 5.488488 2.025551 0.352950 16 1.172525e+04 1.172525e+04 0.000000e+00 0.000000e+00 45.994282 0.370093 0.128759 0.844637 0.000000 0.305620 -0.036391 0.012442 0.000000 0.000000 0.000000 0.000000 0.000000 0.146909 0.146909 1.563769 1.112591e+04 1.171800e+04 0 0.000000e+00 0.000000e+00 0.000000e+00 775 828 -1 124 9.083108
73 31 2.019e+04 1.238e+04 0.574979 1.014914 0.568493 1.017837 0.429312 0.454211 0.528348 1.089934 2.002683 9.685934 -0.0505974 0.0548541 0.0126116 -2211.39 0.0485561 0.000076 0.404964 1.089934 2.002683 9.685934 0.404964 29 1.107385e+04 1.107385e+04 0.000000e+00 0.000000e+00 43.082527 0.392211 0.081979 0.625311 0.516755 0.058853 0.202077 -0.146405 0.000000 0.000000 0.000000 0.000000 0.000000 0.206933 0.206933 0.715655 1.020291e+04 1.302000e+04 0 0.000000e+00 0.000000e+00 0.000000e+00 789 792 -1 31 1.318632
74 87 2.866e+04 1.824e+04 0.654315 1.192262 0.585397 1.256001 0.429687 0.453664 0.528806 0.155952 -1.051554 11.958242 0.0501486 -0.0532793 -0.0636229 10382.1 0.051125 0.000049 0.448429 0.155952 -1.051554 11.958242 0.448429 42 1.758788e+04 1.758788e+04 0.000000e+00 0.000000e+00 29.179579 1.002500 0.055029 0.631876 0.345174 -0.008461 -0.022556 0.209381 0.000000 0.000000 0.000000 0.000000 0.000000 0.157110 0.157110 1.651561 1.831167e+04 1.757700e+04 0 0.000000e+00 0.000000e+00 0.000000e+00 790 797 -1 87 2.416087
75 108 8.338e+04 6.253e+04 0.986638 1.733058 0.985088 1.710329 0.429872 0.453742 0.527951 0.318775 1.037289 9.398211 -1.06137 1.23666 -0.713524 -31008.6 0.0744792 0.000062 0.274357 0.190689 1.054114 9.421240 0.240758 99 5.667204e+04 5.667204e+04 0.000000e+00 0.000000e+00 8.367641 0.903724 0.129515 0.820918 0.480995 0.178982 0.300516 0.039058 0.000000 0.000000 0.000000 0.000000 0.000000 0.415798 0.415798 0.777277 5.686196e+04 9.569700e+04 0 0.000000e+00 0.000000e+00 0.000000e+00 792 797 -1 212 2.772198
76 73 2.345e+04 2.084e+04 0.684097 1.237283 0.503305 1.132540 0.430419 0.454264 0.528188 -1.174993 0.174935 8.713184 0.187156 0.0277074 0.125426 -3764.91 0.0516186 0.000072 0.316594 -1.174993 0.174935 8.713184 0.316594 34 1.823928e+04 1.823928e+04 0.000000e+00 0.000000e+00 25.534439 0.657975 0.103128 0.420284 0.069131 -0.008863 0.182664 -0.161686 0.000000 0.000000 0.000000 0.000000 0.000000 0.176279 0.176279 0.790500 2.359070e+04 2.148300e+04 0 0.000000e+00 0.000000e+00 0.000000e+00 793 792 -1 73 1.669198
77 921 6.058e+05 5.921e+05 2.087319 3.666451 2.081727 3.192055 0.428987 0.453310 0.530202 1.764644 0.418822 10.609784 -67.0823 28.5387 21.2139 -1.64945e+06 0.084029 0.000047 0.182409 1.078630 1.496644 9.619079 0.106448 99 4.664044e+05 4.651016e+05 1.426572e+05 0.000000e+00 0.692863 1.575112 0.130423 0.562746 0.236646 -0.177590 0.448508 0.338542 0.415360 0.264627 -0.151245 0.217674 0.225093 2.080295 0.879428 0.694307 6.113768e+05 1.126230e+06 0 0.000000e+00 0.000000e+00 0.000000e+00 797 805 -1 1868 4.787435
78 289 1.407e+05 1.186e+05 1.221119 2.157726 1.178304 2.227380 0.428377 0.454272 0.531687 0.600399 3.468704 8.648758 -0.718792 1.58007 1.23628 -96670 0.031832 0.000066 0.264362 0.795243 3.545609 8.676773 0.174038 99 1.074815e+05 1.068301e+05 3.257014e+04 0.000000e+00 4.196989 0.315823 0.053424 0.303359 0.089834 0.384230 0.128262 0.067301 0.350451 0.063006 0.248783 0.104985 0.036802 1.203615 0.429615 0.750439 1.452546e+05 2.350110e+05 0 0.000000e+00 0.000000e+00 0.000000e+00 799 797 -1 393 1.782942
79 72 3.843e+04 3.713e+04 0.829263 1.484753 0.726984 1.051768 0.428757 0.454369 0.531795 0.495636 4.483492 8.219149 0.0139318 -0.035372 0.145544 -33324 0.0240329 0.000041 0.172013 0.495636 4.483492 8.219149 0.172013 57 3.582715e+04 3.582715e+04 0.000000e+00 0.000000e+00 14.202519 0.162447 0.026110 0.236751 0.114846 0.255924 0.094241 0.029540 0.000000 0.000000 0.000000 0.000000 0.000000 0.238731 0.238731 0.371280 3.133318e+04 4.101300e+04 0 0.000000e+00 0.000000e+00 0.000000e+00 800 799 -1 72 1.254104
80 4053 1.443e+06 1.371e+06 2.761542 4.847387 2.761001 6.279128 0.433172 0.453957 0.533244 -2.304510 -3.969513 -0.013696 26.2205 45.3357 -203.52 5.08932e+06 0.0500633 0.000026 0.193337 -1.423032 -4.490542 -0.145457 0.138497 99 1.076117e+06 1.076117e+06 3.478491e+05 1.302806e+05 0.453276 1.157109 0.089062 0.458396 0.331365 0.500678 -0.131227 0.146383 0.470552 0.302537 0.317332 -0.070196 0.143517 2.742140 1.235926 1.226263 2.832935e+06 7.289247e+06 0 0.000000e+00 0.000000e+00 0.000000e+00 805 -1 -1 17734 22.498217
81 136 8.403e+04 8.338e+04 1.085936 2.020819 0.799983 1.274467 0.431349 0.456283 0.534373 -0.698837 -4.148354 -0.289248 0.0537825 0.475583 0.314308 -166536 0.0270622 0.000043 0.147229 -0.650753 -4.102015 -0.316377 0.127520 99 7.816834e+04 7.816834e+04 4.885521e+04 0.000000e+00 6.320400 0.076551 0.025808 0.685629 0.315656 -0.085681 -0.250100 0.245998 0.498173 0.219689 -0.118353 -0.153843 0.162598 0.588799 0.219911 0.284341 7.183752e+04 8.788500e+04 0 0.000000e+00 0.000000e+00 0.000000e+00 806 805 -1 136 2.860932
82 302 8.077e+04 4.886e+04 0.908702 1.598014 0.905170 2.733391 0.431311 0.456387 0.534495 -0.253453 -0.000072 1.189256 -2.43085 1.07825 -0.490661 110816 0.396704 0.000046 0.344323 -0.211451 -0.085292 1.239589 0.320421 99 3.973557e+04 3.973557e+04 0.000000e+00 0.000000e+00 10.993521 0.836091 0.297060 0.066894 0.019950 0.275243 0.435420 -0.041967 0.000000 0.000000 0.000000 0.000000 0.000000 0.363013 0.363013 2.317008 8.268830e+04 1.152270e+05 0 0.000000e+00 0.000000e+00 0.000000e+00 807 805 -1 353 3.121367
83 51 3.062e+04 3.062e+04 0.777619 1.461807 0.605758 1.296648 0.431572 0.456505 0.535750 0.349841 -2.285648 0.548878 -0.118455 0.008013 -0.00946418 -13737.5 0.0197887 0.000053 0.204323 0.349841 -2.285648 0.548878 0.204323 45 3.061593e+04 3.061593e+04 2.149629e+04 0.000000e+00 17.630205 0.050564 0.028512 0.543322 0.327376 -0.039536 0.202162 -0.163063 0.579995 0.319068 -0.062657 -0.115264 0.125077 0.146557 0.146557 0.643851 2.771914e+04 2.538900e+04 0 0.000000e+00 0.000000e+00 0.000000e+00 808 807 -1 51 3.242471
84 27 1.694e+04 1.238e+04 0.574979 1.095107 0.488281 1.206235 0.433022 0.452458 0.535437 0.713721 -4.438125 0.653390 0.0408107 -0.04412 -0.0736957 1465.85 0.0496716 0.000055 0.337281 0.713721 -4.438125 0.653390 0.337281 24 1.237665e+04 1.237665e+04 0.000000e+00 0.000000e+00 43.368450 0.312110 0.103004 0.586328 0.335658 0.019155 0.155686 0.114075 0.000000 0.000000 0.000000 0.000000 0.000000 0.099424 0.099424 1.204894 1.355588e+04 9.765000e+03 0 0.000000e+00 0.000000e+00 0.000000e+00 811 805 -1 27 4.050573
85 946 5.732e+04 4.560e+04 0.888042 1.565401 0.880393 2.130451 0.444799 0.457055 0.529872 1.783425 -3.852532 3.640099 0.160425 0.0899648 -0.331129 41745.7 0.0405265 0.000074 0.424218 1.783425 -3.852532 3.640099 0.424218 86 3.061593e+04 2.801032e+04 0.000000e+00 0.000000e+00 11.871637 0.477207 0.046681 0.419724 0.176259 0.278929 0.053659 -0.256550 0.000000 0.000000 0.000000 0.000000 0.000000 0.330006 0.330006 1.600633 1.451992e+05 8.788500e+04 0 0.000000e+00 0.000000e+00 0.000000e+00 828 805 -1 1635 9.315354
86 468 7.621e+04 7.491e+04 1.047853 1.845404 1.040746 1.645498 0.449887 0.462019 0.527982 3.290508 -0.742961 4.490814 0.507342 0.554748 -0.110097 -62291.7 0.0287042 0.000087 0.188651 3.320474 -0.753466 4.574877 0.178767 99 5.992905e+04 5.992905e+04 0.000000e+00 0.000000e+00 7.317648 0.067185 0.040936 0.270627 0.037287 -0.288754 0.316233 -0.159680 0.000000 0.000000 0.000000 0.000000 0.000000 1.030531 0.399211 0.621978 1.319219e+05 3.639090e+05 0 0.000000e+00 0.000000e+00 0.000000e+00 864 945 -1 960 15.446043
87 86 1.107e+04 9.771e+03 0.531412 0.940035 0.488281 0.894405 0.453568 0.461187 0.525535 2.888893 0.780784 -3.168783 -0.0719661 -0.0216358 -0.0599981 760.406 0.0653256 0.000104 0.556175 2.888893 0.780784 -3.168783 0.556175 15 9.119639e+03 9.119639e+03 0.000000e+00 0.000000e+00 55.588406 0.502895 0.154441 0.111781 0.035612 0.035767 0.005173 0.235188 0.000000 0.000000 0.000000 0.000000 0.000000 0.182970 0.182970 1.192648 1.101754e+04 1.236900e+04 0 0.000000e+00 0.000000e+00 0.000000e+00 865 945 -1 86 20.746172
88 128 2.019e+04 1.107e+04 0.554052 0.983086 0.542120 1.618915 0.467097 0.464238 0.515430 1.443014 -3.397796 2.783045 0.0185335 0.109718 0.0506573 9832.57 0.218418 0.000094 0.473212 1.443014 -3.397796 2.783045 0.473212 29 0.000000e+00 0.000000e+00 0.000000e+00 0.000000e+00 49.223904 0.587299 0.159407 0.246428 0.018506 0.043329 -0.190882 0.203443 0.000000 0.000000 0.000000 0.000000 0.000000 0.180803 0.180803 2.776169 1.045837e+04 1.432200e+04 0 0.000000e+00 0.000000e+00 0.000000e+00 871 945 -1 128 7.028079
89 132 5.537e+04 4.430e+04 0.879503 1.630656 0.591119 1.506056 0.462276 0.464998 0.514609 -3.245034 0.376626 0.419020 0.195853 -0.0742203 -0.0980982 -21451.9 0.0190716 0.000054 0.258854 -3.245034 0.376626 0.419020 0.258854 83 4.234118e+04 4.234118e+04 2.801032e+04 0.000000e+00 12.256328 0.504836 0.029914 0.353511 0.236740 -0.114792 0.197354 0.208586 0.505011 0.272137 -0.079415 0.142687 0.150985 0.183065 0.183065 0.728458 3.662937e+04 3.840900e+04 0 0.000000e+00 0.000000e+00 0.000000e+00 888 945 -1 132 5.354951
90 153 1.824e+04 1.107e+04 0.554052 0.991769 0.532669 2.783308 0.463106 0.464942 0.524219 3.822455 -8.852634 0.151284 0.106846 -0.00892567 0.000737727 37709.6 0.375121 0.000097 0.700678 3.822455 -8.852634 0.151284 0.700678 26 1.107385e+04 0.000000e+00 0.000000e+00 0.000000e+00 49.356049 0.437046 0.139797 0.084044 0.000000 0.003542 0.232026 0.124057 0.000000 0.000000 0.000000 0.000000 0.000000 0.159959 0.159959 8.202648 2.649978e+04 1.432200e+04 0 0.000000e+00 0.000000e+00 0.000000e+00 899 901 -1 153 1.577296
91 98 1.694e+04 1.042e+04 0.542968 0.979506 0.513968 1.302213 0.462771 0.463388 0.525069 3.463771 -7.062803 0.724594 0.091719 -0.0545783 -0.0351373 5316.27 0.17176 0.000093 0.483303 3.463771 -7.062803 0.724594 0.483303 24 1.042244e+04 1.042244e+04 0.000000e+00 0.000000e+00 52.485413 0.367471 0.162071 0.074374 0.000000 0.343181 -0.207741 -0.129321 0.000000 0.000000 0.000000 0.000000 0.000000 0.143643 0.143643 2.091000 1.306289e+04 1.041600e+04 0 0.000000e+00 0.000000e+00 0.000000e+00 900 901 -1 98 1.675537
92 95 1.029e+05 7.165e+04 1.032441 1.812102 1.032422 2.868926 0.463491 0.464131 0.525038 3.572494 -7.943701 0.578605 0.309153 0.641857 0.877314 158493 0.076111 0.000084 0.332403 3.443922 -7.794683 0.632673 0.265770 99 3.582715e+04 3.582715e+04 0.000000e+00 0.000000e+00 7.758484 0.242008 0.065574 0.682499 0.387177 0.377116 -0.121331 0.014161 0.000000 0.000000 0.000000 0.000000 0.000000 1.026415 0.472746 2.084409 1.124508e+05 2.063670e+05 0 0.000000e+00 0.000000e+00 0.000000e+00 901 945 -1 474 7.190130
93 98 3.518e+04 3.387e+04 0.804270 1.417294 0.797835 1.681709 0.462174 0.465041 0.525602 2.415786 -6.128226 1.163764 -0.295552 -0.402601 0.0762561 8434.3 0.0510847 0.000084 0.249398 2.415786 -6.128226 1.163764 0.249398 52 2.866172e+04 2.866172e+04 0.000000e+00 0.000000e+00 16.207563 0.097319 0.102191 0.814030 0.200168 -0.004455 0.291783 0.116072 0.000000 0.000000 0.000000 0.000000 0.000000 0.301280 0.301280 1.204122 3.018750e+04 4.687200e+04 0 0.000000e+00 0.000000e+00 0.000000e+00 902 945 -1 98 8.393167
94 95 4.104e+04 4.104e+04 0.857395 1.509124 0.852551 1.199069 0.456876 0.458811 0.523356 2.362739 0.739778 -6.086182 -0.0690081 -0.0334427 -0.106244 -31852.5 0.0159358 0.000079 0.159409 2.362739 0.739778 -6.086182 0.159409 61 3.322154e+04 3.322154e+04 0.000000e+00 0.000000e+00 13.167624 0.104294 0.019248 0.537908 0.143526 -0.151226 -0.094138 0.323204 0.000000 0.000000 0.000000 0.000000 0.000000 0.332274 0.332274 0.455747 3.544705e+04 5.273100e+04 0 0.000000e+00 0.000000e+00 0.000000e+00 905 906 -1 95 2.812475
95 85 5.602e+04 5.211e+04 0.928462 1.755426 0.690103 1.387503 0.458294 0.459193 0.524122 0.182723 1.680883 -7.571018 0.0811085 0.2345 0.642084 -57588.3 0.0619508 0.000059 0.198215 0.182723 1.680883 -7.571018 0.198215 84 4.950661e+04 4.950661e+04 3.712996e+04 0.000000e+00 10.460194 0.164010 0.067907 0.720247 0.606628 0.233955 0.215699 0.016370 0.488920 0.278073 0.056434 0.275903 0.008593 0.168354 0.168354 0.461937 4.691689e+04 4.296600e+04 0 0.000000e+00 0.000000e+00 0.000000e+00 906 912 -1 180 1.705428
96 360 1.127e+05 1.127e+05 1.200649 2.129148 1.087772 1.406825 0.456738 0.454714 0.527542 -3.096826 1.308548 -6.850194 0.160727 0.778412 -1.22675 -261409 0.0407569 0.000048 0.121623 -3.003817 1.327493 -6.845073 0.109119 99 1.048758e+05 1.048758e+05 5.992905e+04 0.000000e+00 4.738230 0.119608 0.039876 0.612510 0.218181 0.345550 0.009978 -0.022790 0.792537 0.155703 0.252877 -0.018198 0.012431 0.798156 0.395556 0.302250 9.569272e+04 2.291520e+05 0 0.000000e+00 0.000000e+00 0.000000e+00 907 945 -1 455 15.484152
97 47 1.563e+04 1.563e+04 0.621543 1.123556 0.488281 0.885577 0.457268 0.455027 0.527340 -2.191791 1.035416 -7.216998 0.0223226 -0.0293507 -0.0218155 -4665.49 0.0222642 0.000059 0.198725 -2.191791 1.035416 -7.216998 0.198725 22 1.367946e+04 1.367946e+04 0.000000e+00 0.000000e+00 34.674694 0.317217 0.031441 0.445023 0.148730 -0.058416 0.202524 -0.109506 0.000000 0.000000 0.000000 0.000000 0.000000 0.161007 0.161007 0.532728 1.452676e+04 1.692600e+04 0 0.000000e+00 0.000000e+00 0.000000e+00 908 907 -1 47 1.474259
98 25 1.107e+04 1.107e+04 0.554052 1.035868 0.488281 0.870927 0.456222 0.454651 0.527725 -3.909235 1.535479 -6.674042 -0.000227577 -0.0568531 0.00690802 -1954.69 0.045619 0.000058 0.229154 -3.909235 1.535479 -6.674042 0.229154 15 1.107385e+04 1.107385e+04 0.000000e+00 0.000000e+00 48.963665 0.463859 0.074672 0.840030 0.465496 0.043168 -0.089320 0.165507 0.000000 0.000000 0.000000 0.000000 0.000000 0.108471 0.108471 0.603824 1.069790e+04 1.041600e+04 0 0.000000e+00 0.000000e+00 0.000000e+00 909 907 -1 25 2.195370
99 52 3.322e+04 1.824e+04 0.654315 1.166547 0.611489 1.567490 0.461473 0.466436 0.517844 -3.393836 -5.546261 -0.555286 0.059704 -0.0796036 -0.00100941 4622.73 0.0350115 0.000065 0.323036 -3.393836 -5.546261 -0.555286 0.323036 49 1.758788e+04 1.758788e+04 0.000000e+00 0.000000e+00 29.881113 0.305763 0.056476 0.515991 0.126467 0.241802 0.146743 0.062008 0.000000 0.000000 0.000000 0.000000 0.000000 0.198936 0.198936 1.257586 1.532638e+04 1.953000e+04 0 0.000000e+00 0.000000e+00 0.000000e+00 910 945 -1 52 5.385018
100 39 2.019e+04 1.368e+04 0.594485 1.143552 0.494923 1.112637 0.457972 0.461092 0.525470 2.315280 2.850956 -4.721361 -0.0955221 0.0677756 -0.0104711 -7.7797 0.00348414 0.000076 0.371244 2.315280 2.850956 -4.721361 0.371244 29 1.367946e+04 1.367946e+04 0.000000e+00 0.000000e+00 39.882065 0.583458 0.107798 0.837175 0.448637 0.185432 0.000280 -0.142150 0.000000 0.000000 0.000000 0.000000 0.000000 0.096680 0.096680 0.999156 1.339264e+04 9.765000e+03 0 0.000000e+00 0.000000e+00 0.000000e+00 911 913 -1 39 2.191755
101 661 3.068e+05 3.055e+05 1.674140 2.961993 1.355966 2.251608 0.458832 0.460067 0.524410 -2.011850 2.636464 -7.462653 3.90921 4.41067 8.18043 -1.23621e+06 0.0505204 0.000050 0.164769 -1.559302 2.521834 -7.626603 0.105670 99 2.924798e+05 2.898742e+05 1.498226e+05 0.000000e+00 1.782322 0.477618 0.052183 0.288135 0.244700 -0.065881 0.376232 -0.332726 0.140981 0.090163 -0.059402 0.284562 -0.275651 0.936548 0.574421 0.391220 2.559563e+05 5.214510e+05 0 0.000000e+00 0.000000e+00 0.000000e+00 912 945 -1 971 7.073447
102 348 1.296e+05 1.179e+05 1.218879 2.146177 1.017050 2.519569 0.458428 0.461789 0.524999 1.780757 4.756287 -3.451416 5.25205 -1.9948 3.66431 5519.45 0.0242717 0.000055 0.240360 1.849895 4.921850 -3.054962 0.196864 99 1.081329e+05 1.061786e+05 5.211222e+04 0.000000e+00 4.518085 0.490466 0.169699 0.462179 0.127308 0.164280 0.328228 -0.088333 0.606505 0.071091 0.075335 0.193226 -0.162308 1.025976 0.467055 1.013885 1.039592e+05 1.979040e+05 0 0.000000e+00 0.000000e+00 0.000000e+00 913 945 -1 387 7.641424
103 62 3.583e+04 2.540e+04 0.730728 1.332715 0.659385 1.625562 0.459172 0.461180 0.525198 -0.482287 2.222375 -7.977111 0.118114 0.365965 -0.210953 5872.55 0.0759667 0.000073 0.337229 -0.482287 2.222375 -7.977111 0.337229 53 2.475330e+04 2.475330e+04 0.000000e+00 0.000000e+00 21.431667 0.427250 0.143298 0.883557 0.599171 0.212743 -0.190761 0.039861 0.000000 0.000000 0.000000 0.000000 0.000000 0.174026 0.174026 1.207234 2.216580e+04 2.473800e+04 0 0.000000e+00 0.000000e+00 0.000000e+00 915 912 -1 62 1.800203
104 652 1.290e+05 1.264e+05 1.247388 2.209394 1.155406 1.777986 0.457847 0.462424 0.527937 2.061572 6.640225 0.561011 -0.529546 0.674477 -0.768633 -266714 0.0243557 0.000037 0.156459 1.972893 6.423112 0.531298 0.137491 99 1.198581e+05 1.198581e+05 6.383747e+04 0.000000e+00 4.189563 0.332252 0.025954 0.609679 0.202018 0.242538 0.194272 0.100876 0.631577 0.199946 0.126947 0.190727 0.051320 0.611939 0.419457 0.409093 1.935705e+05 3.157350e+05 0 0.000000e+00 0.000000e+00 0.000000e+00 916 945 -1 718 8.992855
105 154 1.915e+05 1.700e+05 1.377044 2.446715 1.251034 2.024663 0.462753 0.461573 0.520418 -4.535323 9.278417 -6.621666 3.81233 -0.302062 0.161497 -378037 0.0459082 0.000052 0.173858 -3.926198 9.041524 -6.147835 0.177051 99 1.628507e+05 1.628507e+05 8.077395e+04 0.000000e+00 3.019002 0.482963 0.052616 0.569669 0.323295 0.358342 0.179517 0.122471 0.771058 0.392196 0.260603 0.075793 0.102527 1.323572 0.439769 0.499258 1.406280e+05 2.115750e+05 0 0.000000e+00 0.000000e+00 0.000000e+00 918 948 -1 365 2.805391
106 130 1.127e+05 7.947e+04 1.068696 1.903943 1.037246 2.445833 0.463081 0.462169 0.520696 -3.351964 8.988904 -5.389709 1.24432 0.657211 1.79554 52730.7 0.0684066 0.000069 0.432152 -3.437568 8.727402 -5.518541 0.340001 99 7.491132e+04 7.491132e+04 0.000000e+00 0.000000e+00 6.646004 0.684009 0.111385 0.671927 0.188937 0.344181 -0.023550 0.154073 0.000000 0.000000 0.000000 0.000000 0.000000 1.034268 0.328196 1.252005 6.933545e+04 9.830100e+04 0 0.000000e+00 0.000000e+00 0.000000e+00 919 918 -1 187 0.819757
107 32 2.084e+04 1.498e+04 0.612788 1.151303 0.488281 0.955448 0.463910 0.462378 0.520989 -2.982208 8.844630 -5.671118 -0.0374595 -0.0429292 -0.051265 -3057.19 0.0358596 0.000060 0.400168 -2.982208 8.844630 -5.671118 0.400168 30 1.433086e+04 1.433086e+04 0.000000e+00 0.000000e+00 36.386917 0.666737 0.060375 0.905738 0.687692 0.196105 0.048647 0.014182 0.000000 0.000000 0.000000 0.000000 0.000000 0.115937 0.115937 0.715665 1.517634e+04 1.367100e+04 0 0.000000e+00 0.000000e+00 0.000000e+00 920 919 -1 32 1.185065
108 311 1.876e+05 1.466e+05 1.310575 2.320319 1.265106 2.379370 0.461546 0.464912 0.518131 -1.852457 -6.911624 -0.917090 5.76719 -2.13341 1.92499 -154123 0.0715125 0.000037 0.363414 -2.640793 -6.663985 -0.590250 0.220127 99 1.387488e+05 1.387488e+05 7.425991e+04 0.000000e+00 3.392188 1.072648 0.113430 0.181458 0.107401 0.184246 0.354247 -0.051719 0.225793 0.102952 0.102071 0.264529 -0.055085 0.644812 0.444094 0.761660 1.208298e+05 1.953000e+05 0 0.000000e+00 0.000000e+00 0.000000e+00 925 945 -1 381 3.019577
109 56 3.192e+04 2.996e+04 0.772064 1.393093 0.571705 1.131695 0.461719 0.464216 0.523097 0.038018 6.912725 -7.538287 -0.134767 -0.201355 -0.00199684 -17394.4 0.047803 0.000061 0.190523 0.038018 6.912725 -7.538287 0.190523 47 2.801032e+04 2.801032e+04 0.000000e+00 0.000000e+00 18.310612 0.233951 0.060120 0.790940 0.500409 0.147921 0.200419 -0.101295 0.000000 0.000000 0.000000 0.000000 0.000000 0.203791 0.203791 0.519128 2.507268e+04 3.059700e+04 0 0.000000e+00 0.000000e+00 0.000000e+00 935 945 -1 56 10.628495
110 62 4.039e+04 2.671e+04 0.743011 1.608688 0.488281 2.174538 0.463936 0.463835 0.519358 5.648227 -2.332576 -0.114586 0.00676122 -0.0112707 0.0144584 36986.9 0.00749487 0.000017 0.582336 5.648227 -2.332576 -0.114586 0.582336 60 2.670751e+04 2.670751e+04 2.670751e+04 0.000000e+00 20.415062 0.842968 0.005873 0.769252 0.617128 0.068980 -0.012134 0.047649 0.769252 0.617128 0.068980 -0.012134 0.047649 0.067061 0.067061 2.002874 8.795066e+04 2.669100e+04 0 0.000000e+00 0.000000e+00 0.000000e+00 942 945 -1 62 0.927634
111 38 2.475e+04 1.303e+04 0.584895 1.123556 0.488281 1.792445 0.463846 0.464005 0.519248 5.686174 -0.710056 -1.129401 0.0358155 0.0474733 0.0343224 13798.5 0.0967937 0.000018 0.964358 5.686174 -0.710056 -1.129401 0.964358 36 1.302806e+04 1.302806e+04 0.000000e+00 0.000000e+00 41.838390 0.405911 0.068273 0.437313 0.254972 0.088889 -0.033261 -0.031299 0.000000 0.000000 0.000000 0.000000 0.000000 0.095916 0.095916 2.617354 3.193833e+04 1.302000e+04 0 0.000000e+00 0.000000e+00 0.000000e+00 944 945 -1 38 0.836698
112 13800 6.643e+06 6.341e+06 4.600779 8.123281 3.960148 9.303025 0.464002 0.464526 0.519005 5.863928 -2.052635 0.406399 -1454.45 -2318.32 28.2127 -2.62015e+07 0.0321728 0.000013 0.319893 2.071758 -1.101371 -1.189798 0.095128 366 6.022870e+06 6.017659e+06 3.017949e+06 8.188133e+05 0.679003 3.842138 0.090370 0.586754 0.455460 -0.018641 -0.578921 0.579559 0.419159 0.383994 0.090441 0.456753 -0.341702 2.545885 1.645490 0.923904 5.428076e+06 1.143091e+07 0 0.000000e+00 0.000000e+00 0.000000e+00 945 -1 -1 24590 6.310155
113 648 4.475e+05 4.397e+05 1.890176 3.342832 1.412117 3.506436 0.463900 0.463267 0.521428 -5.568785 5.947177 -6.346926 19.0235 1.22339 10.5449 -627611 0.0312991 0.000042 0.345686 -5.493022 7.211531 -6.151485 0.149962 99 4.123380e+05 4.123380e+05 1.276749e+05 0.000000e+00 1.343275 1.354687 0.061456 0.296495 0.107942 0.121619 0.554189 0.286264 0.264264 0.094908 0.076096 0.305790 0.167865 0.706180 0.653694 0.828341 5.717908e+05 8.235150e+05 0 0.000000e+00 0.000000e+00 0.000000e+00 948 945 -1 1738 4.205245
114 318 3.544e+05 3.544e+05 1.759006 3.260613 1.411758 2.599879 0.463968 0.465339 0.522626 -7.236437 5.869351 -6.401948 -0.559292 16.2937 -1.6974 -1.71711e+06 0.0668047 0.000035 0.215599 -7.007149 5.780323 -6.544673 0.112188 99 3.471977e+05 3.471977e+05 2.299452e+05 0.000000e+00 1.348077 0.292673 0.066252 0.404227 0.204716 0.391316 0.086255 0.303346 0.312774 0.197004 0.289789 0.031426 0.257853 0.306954 0.366727 0.407796 3.104960e+05 2.688630e+05 0 0.000000e+00 0.000000e+00 0.000000e+00 950 948 -1 704 1.849059
115 85 1.179e+05 1.146e+05 1.207550 2.427976 0.700561 2.065133 0.464710 0.465398 0.522662 -6.350871 5.739548 -6.534003 1.1009 -0.653122 1.98768 -207305 0.0562335 0.000039 0.231901 -6.238444 5.477695 -6.968072 0.167191 99 1.146469e+05 1.146469e+05 9.445340e+04 0.000000e+00 4.597657 0.590982 0.062673 0.524842 0.174884 -0.129701 0.064043 0.342564 0.414361 0.075429 -0.177565 0.061744 0.246478 0.671835 0.153801 0.553636 1.119795e+05 1.230390e+05 0 0.000000e+00 0.000000e+00 0.000000e+00 952 950 -1 203 0.848904
116 34 3.127e+04 3.062e+04 0.777619 1.605623 0.490147 1.219076 0.464407 0.465441 0.523069 -6.388336 4.830618 -7.752822 -0.171649 -0.055653 0.233327 -18592.5 0.0570134 0.000036 0.202290 -6.388336 4.830618 -7.752822 0.202290 46 3.061593e+04 3.061593e+04 2.670751e+04 0.000000e+00 17.946964 0.289066 0.070611 0.545486 0.291701 0.194012 0.086498 0.052922 0.585391 0.243266 0.149465 0.108327 0.057565 0.086911 0.086911 0.545429 3.598950e+04 2.018100e+04 0 0.000000e+00 0.000000e+00 0.000000e+00 953 954 -1 48 0.578662
117 34 5.146e+04 5.146e+04 0.924577 1.896676 0.488335 1.367707 0.464676 0.465550 0.523210 -6.289875 4.833445 -7.679287 -0.0408797 -0.250138 -0.0568877 -61555.6 0.024942 0.000027 0.160212 -6.289875 4.833445 -7.679287 0.160212 77 5.080942e+04 5.080942e+04 4.038697e+04 0.000000e+00 10.800595 0.139755 0.026169 0.308286 0.131141 0.242964 0.129409 0.120307 0.376739 0.180439 0.158048 0.121998 0.089932 0.106606 0.106606 0.438041 5.486261e+04 3.450300e+04 0 0.000000e+00 0.000000e+00 0.000000e+00 954 952 -1 82 1.538134
118 122 4.755e+04 3.322e+04 0.799081 1.671433 0.507469 2.355216 0.464894 0.465395 0.524881 -6.275673 5.819873 -5.461427 -0.0289732 -0.0907022 -0.0873565 43328.4 0.0310867 0.000036 0.354485 -6.275673 5.819873 -5.461427 0.354485 71 3.322154e+04 3.322154e+04 2.996453e+04 0.000000e+00 16.554926 0.333994 0.026996 0.716560 0.436137 0.095266 0.011001 0.198127 0.736021 0.282978 0.072649 -0.042980 0.169385 0.084065 0.084065 1.865734 3.715739e+04 1.887900e+04 0 0.000000e+00 0.000000e+00 0.000000e+00 957 950 -1 135 2.535722
119 28 9.771e+03 7.817e+03 0.493319 0.870303 0.488281 1.203658 0.468753 0.464736 0.521478 -7.551661 7.153645 -4.895357 -0.029992 0.0287898 -0.0304234 1668.45 0.0905604 0.000086 0.660979 -7.551661 7.153645 -4.895357 0.660979 13 0.000000e+00 0.000000e+00 0.000000e+00 0.000000e+00 70.081551 0.526863 0.120033 0.526240 0.319528 0.154806 0.125125 0.019184 0.000000 0.000000 0.000000 0.000000 0.000000 0.179748 0.179748 1.687782 7.304845e+03 9.114000e+03 0 0.000000e+00 0.000000e+00 0.000000e+00 968 945 -1 28 12.859451
120 118 3.257e+04 1.824e+04 0.654315 1.155157 0.646704 1.997928 0.468373 0.466588 0.522527 9.149922 -3.427409 -1.654914 -0.149244 -0.0603095 -0.0372794 28828.1 0.145174 0.000087 0.353552 9.149922 -3.427409 -1.654914 0.353552 48 1.628507e+04 1.628507e+04 0.000000e+00 0.000000e+00 30.049891 0.562494 0.093774 0.735777 0.338395 -0.032186 -0.040483 0.239426 0.000000 0.000000 0.000000 0.000000 0.000000 0.234562 0.234562 3.113127 2.471848e+04 3.320100e+04 0 0.000000e+00 0.000000e+00 0.000000e+00 970 945 -1 118 7.554069
121 115 5.211e+04 2.866e+04 0.760709 1.335725 0.760061 1.984071 0.473037 0.463894 0.521625 -7.157047 4.470170 -3.495346 0.0815972 -0.0685401 -0.503565 27229.9 0.141987 0.000080 0.328169 -7.157047 4.470170 -3.495346 0.328169 78 0.000000e+00 0.000000e+00 0.000000e+00 0.000000e+00 19.038578 0.662886 0.137535 0.548468 0.228533 0.112253 0.339635 -0.049722 0.000000 0.000000 0.000000 0.000000 0.000000 0.328554 0.328554 1.793737 2.727124e+04 4.491900e+04 0 0.000000e+00 0.000000e+00 0.000000e+00 974 983 -1 115 2.496336
122 88 3.127e+04 3.127e+04 0.783095 1.378767 0.778197 0.975258 0.469333 0.465781 0.522520 -6.717653 5.954963 -3.566242 -0.137285 -0.0176548 -0.0929108 -21529 0.0328966 0.000078 0.148724 -6.717653 5.954963 -3.566242 0.148724 46 2.866172e+04 2.866172e+04 0.000000e+00 0.000000e+00 17.551220 0.201240 0.038531 0.619460 0.199849 0.230743 -0.040960 0.155324 0.000000 0.000000 0.000000 0.000000 0.000000 0.300666 0.300666 0.402173 4.176041e+04 5.663700e+04 0 0.000000e+00 0.000000e+00 0.000000e+00 977 945 -1 279 13.957462
123 103 9.120e+03 9.120e+03 0.519330 0.940035 0.488281 1.061238 0.471476 0.465969 0.522749 -5.134074 5.447358 -2.052820 -0.0029778 -0.0796728 0.0270369 550.722 0.0578342 0.000085 0.330140 -5.134074 5.447358 -2.052820 0.330140 12 9.119639e+03 9.119639e+03 0.000000e+00 0.000000e+00 60.296867 0.554418 0.151705 0.504448 0.397783 0.188396 0.062911 -0.123645 0.000000 0.000000 0.000000 0.000000 0.000000 0.132757 0.132757 1.171723 1.787428e+04 9.114000e+03 0 0.000000e+00 0.000000e+00 0.000000e+00 978 980 -1 103 1.642923
124 88 1.303e+04 1.042e+04 0.542968 1.004939 0.488281 1.152811 0.470676 0.465881 0.522997 -5.600473 5.896581 -2.716838 0.0835314 0.00400892 -0.0395215 2414.01 0.0952755 0.000093 0.436514 -5.600473 5.896581 -2.716838 0.436514 18 1.042244e+04 1.042244e+04 0.000000e+00 0.000000e+00 52.734760 0.968539 0.133414 0.903361 0.857294 0.069111 -0.117129 0.133839 0.000000 0.000000 0.000000 0.000000 0.000000 0.114535 0.114535 1.559166 2.754179e+04 9.765000e+03 0 0.000000e+00 0.000000e+00 0.000000e+00 980 977 -1 191 2.192439
125 1626 7.283e+05 7.283e+05 2.236393 3.926109 2.211364 3.004420 0.472824 0.463022 0.519555 -8.643686 4.712285 -5.349501 -7.68018 35.4044 -37.8723 -4.7992e+06 0.0589765 0.000031 0.171065 -8.346546 5.628457 -4.259813 0.090136 99 6.813673e+05 6.813673e+05 3.719510e+05 0.000000e+00 0.894877 1.455574 0.063766 0.578882 0.375819 0.432476 0.347011 0.040606 0.626325 0.412877 0.344974 0.213888 0.041750 1.275378 0.983404 0.459362 6.274672e+05 1.111908e+06 0 0.000000e+00 0.000000e+00 0.000000e+00 983 945 -1 1841 5.804999
126 116 3.648e+04 3.648e+04 0.824385 1.447194 0.824071 0.943422 0.474267 0.474695 0.512389 16.341274 -3.521158 4.810647 -0.0656626 0.208339 0.163878 -33641.6 0.0458191 0.000081 0.127167 16.341274 -3.521158 4.810647 0.127167 54 2.996453e+04 2.996453e+04 0.000000e+00 0.000000e+00 15.014762 0.310621 0.048817 0.435219 0.279745 0.259902 0.133816 -0.090301 0.000000 0.000000 0.000000 0.000000 0.000000 0.364203 0.364203 0.302647 3.779828e+04 6.575100e+04 0 0.000000e+00 0.000000e+00 0.000000e+00 1007 -1 -1 116 20.473709
127 771 1.987e+05 1.133e+05 1.202958 2.217113 0.614441 3.282112 0.478663 0.474235 0.512150 -12.863514 -2.090568 13.769351 -3.3441 -0.460077 -3.76877 205120 0.123176 0.000051 0.414428 -13.837088 -2.761483 14.158637 0.322667 99 1.061786e+05 1.061786e+05 7.686552e+04 0.000000e+00 5.018777 0.693973 0.136700 0.654319 0.216542 -0.130049 0.347061 0.006268 0.474208 0.168741 -0.069039 0.288622 0.033075 0.418556 0.262262 1.460247 9.340224e+04 1.393140e+05 0 0.000000e+00 0.000000e+00 0.000000e+00 1019 -1 -1 771 5.036904
128 43 1.563e+04 8.468e+03 0.506658 0.902086 0.492354 1.491200 0.478198 0.475630 0.516044 1.185685 14.763126 -2.681267 0.0955946 0.000963318 0.032934 1238.47 0.125366 0.000083 0.405877 1.185685 14.763126 -2.681267 0.405877 22 0.000000e+00 0.000000e+00 0.000000e+00 0.000000e+00 65.256508 1.121617 0.206143 0.815240 0.286401 0.080209 -0.061311 0.189337 0.000000 0.000000 0.000000 0.000000 0.000000 0.156947 0.156947 1.421280 7.948695e+03 1.041600e+04 0 0.000000e+00 0.000000e+00 0.000000e+00 1024 -1 -1 43 20.076521
129 39 9.771e+03 9.771e+03 0.531412 0.951305 0.510836 1.019769 0.473573 0.471751 0.520275 8.942856 -1.907462 3.628708 0.0466124 0.0446947 -0.05495 -596.826 0.0510321 0.000110 0.271421 8.942856 -1.907462 3.628708 0.271421 13 9.771042e+03 9.119639e+03 0.000000e+00 0.000000e+00 56.559250 0.655848 0.136183 0.083646 0.003514 -0.039928 0.373819 0.074139 0.000000 0.000000 0.000000 0.000000 0.000000 0.153299 0.153299 0.840115 1.028173e+04 1.041600e+04 0 0.000000e+00 0.000000e+00 0.000000e+00 1028 -1 -1 39 32.565804
130 130 2.996e+04 2.410e+04 0.718017 1.273488 0.703140 1.646598 0.479201 0.477163 0.514285 13.386905 2.380114 -5.735147 -0.4408 -0.0108118 0.0498787 9563.01 0.11187 0.000078 0.329348 13.386905 2.380114 -5.735147 0.329348 44 1.367946e+04 1.367946e+04 0.000000e+00 0.000000e+00 23.011259 0.457958 0.158272 0.922314 0.310014 0.143383 0.226988 0.101023 0.000000 0.000000 0.000000 0.000000 0.000000 0.235915 0.235915 1.403663 2.213942e+04 3.124800e+04 0 0.000000e+00 0.000000e+00 0.000000e+00 1088 -1 -1 130 12.566316
131 477 1.316e+05 1.296e+05 1.258013 2.214016 1.251185 2.028027 0.477865 0.476108 0.515354 11.341630 2.677164 -3.281848 -2.52805 -0.262224 -2.24327 -190158 0.0568083 0.000058 0.174082 11.447780 2.595866 -3.248830 0.150722 99 1.120413e+05 1.120413e+05 5.406643e+04 0.000000e+00 4.285453 0.085423 0.073230 0.483953 0.192431 -0.279618 -0.135322 0.308987 0.245756 0.129123 -0.123607 0.004946 0.305380 1.195048 0.489253 0.591561 1.062332e+05 2.109240e+05 0 0.000000e+00 0.000000e+00 0.000000e+00 1090 -1 -1 489 8.805576
132 27 1.368e+04 9.120e+03 0.519330 0.940035 0.488281 2.002305 0.488200 0.483295 0.512947 -18.479095 -11.986697 -11.737032 0.0368272 -0.0496981 0.0010763 1567.63 0.0717029 0.000091 0.345104 -18.479095 -11.986697 -11.737032 0.345104 19 9.119639e+03 9.119639e+03 0.000000e+00 0.000000e+00 61.241791 1.806589 0.111480 0.792612 0.388883 0.167752 0.153236 -0.015355 0.000000 0.000000 0.000000 0.000000 0.000000 0.132757 0.132757 1.464965 8.622601e+03 9.114000e+03 0 0.000000e+00 0.000000e+00 0.000000e+00 1110 -1 -1 27 23.879721
133 82 1.694e+04 1.238e+04 0.574979 1.016099 0.537317 1.357589 0.481888 0.479659 0.511920 -8.085316 8.436249 2.689742 -0.0520127 0.0285143 -0.0407542 3173.52 0.0553108 0.000081 0.385624 -8.085316 8.436249 2.689742 0.385624 24 1.172525e+04 1.172525e+04 0.000000e+00 0.000000e+00 44.758945 0.636328 0.077952 0.429675 0.185561 0.193972 0.104650 -0.047500 0.000000 0.000000 0.000000 0.000000 0.000000 0.201857 0.201857 1.486821 1.139029e+04 1.562400e+04 0 0.000000e+00 0.000000e+00 0.000000e+00 1114 -1 -1 82 11.321823
134 126 5.211e+04 4.039e+04 0.852835 1.534770 0.693456 2.994590 0.481006 0.482088 0.510855 -2.067316 2.895682 2.554202 -0.65139 -0.084075 -0.149181 120327 0.165708 0.000075 0.468451 -2.067316 2.895682 2.554202 0.468451 78 3.647855e+04 3.647855e+04 2.279910e+04 0.000000e+00 13.695416 0.350361 0.101616 0.509199 0.299415 -0.121435 -0.189429 0.239307 0.812258 0.529280 -0.116486 -0.027147 0.165964 0.231534 0.231534 2.852996 3.358079e+04 4.166400e+04 0 0.000000e+00 0.000000e+00 0.000000e+00 1118 1116 -1 126 0.979911
135 731 4.247e+05 3.250e+05 1.709101 3.418597 0.862346 3.868319 0.483044 0.474018 0.511797 -13.552658 -8.703180 -2.047767 -4.16264 8.79501 1.00866 -377452 0.0231963 0.000032 0.506449 -12.942973 -8.308500 -3.015904 0.183176 99 3.165818e+05 3.165818e+05 2.546985e+05 0.000000e+00 1.570901 0.906967 0.045659 0.775039 0.516916 0.387299 -0.050381 0.092139 0.617628 0.424444 0.349078 0.033133 0.123157 0.219500 0.223588 0.872799 2.996354e+05 2.141790e+05 0 0.000000e+00 0.000000e+00 0.000000e+00 1140 -1 -1 790 3.995891
136 34 2.215e+04 1.303e+04 0.584895 1.095107 0.488281 1.184053 0.483801 0.473600 0.511651 -11.217239 -8.861103 -3.074763 -0.0519118 0.0359483 -0.0252883 2788.52 0.0431055 0.000059 0.529023 -11.217239 -8.861103 -3.074763 0.529023 32 1.302806e+04 1.302806e+04 0.000000e+00 0.000000e+00 42.431248 1.444062 0.067634 0.637316 0.238918 0.104996 0.131141 0.160051 0.000000 0.000000 0.000000 0.000000 0.000000 0.113350 0.113350 1.309685 1.225940e+04 1.106700e+04 0 0.000000e+00 0.000000e+00 0.000000e+00 1141 1140 -1 34 1.298092
137 641 3.322e+05 2.684e+05 1.603368 3.153758 0.972978 3.308043 0.481649 0.476631 0.511543 -1.538337 -20.034000 0.677277 -4.41834 -4.87838 1.61904 -705152 0.0354642 0.000023 0.384932 -1.971810 -19.757198 0.477428 0.222079 99 2.631667e+05 2.631667e+05 2.169171e+05 0.000000e+00 1.892758 0.377296 0.043537 0.766927 0.317132 -0.099901 0.156338 0.304782 0.547616 0.293572 -0.086772 0.187349 0.222475 0.237130 0.229398 0.676044 2.525137e+05 1.972530e+05 0 0.000000e+00 0.000000e+00 0.000000e+00 1147 -1 -1 654 4.071871
138 30 1.954e+04 1.889e+04 0.662014 1.352941 0.488281 1.670037 0.480872 0.475324 0.514564 1.920593 -16.357498 10.681467 0.0578492 -0.0199626 -0.0418004 6440.06 0.0281913 0.000025 0.335533 1.920593 -16.357498 10.681467 0.335533 28 1.889068e+04 1.889068e+04 0.000000e+00 0.000000e+00 29.300898 0.593067 0.039672 0.762143 0.411758 -0.013967 0.009238 0.095678 0.000000 0.000000 0.000000 0.000000 0.000000 0.077741 0.077741 1.408961 4.742425e+04 1.887900e+04 0 0.000000e+00 0.000000e+00 0.000000e+00 1152 1153 -1 30 3.838142
139 4651 2.686e+06 1.546e+06 2.874492 5.531728 1.799835 7.140563 0.480882 0.475841 0.514005 4.496891 -14.286674 10.364842 -209.956 -160.407 689.834 1.48416e+07 0.222483 0.000020 0.430239 -2.223319 -11.696740 11.225906 0.146969 107 1.514512e+06 1.514512e+06 1.195976e+06 1.817414e+05 0.359587 4.758697 0.256202 0.697806 0.377549 0.283530 0.459570 0.383135 0.657643 0.324262 0.260736 0.423411 0.257428 0.375647 0.466280 1.350032 1.393399e+06 9.302790e+05 0 0.000000e+00 0.000000e+00 0.000000e+00 1153 -1 -1 5525 2.709852
140 27 1.759e+04 1.498e+04 0.612788 1.204880 0.488281 2.063565 0.481238 0.476644 0.515343 -2.582207 -10.147969 11.073979 0.0363748 -0.0620853 -0.0324599 20965.4 0.096719 0.000031 0.567433 -2.582207 -10.147969 11.073979 0.567433 25 1.498226e+04 1.498226e+04 0.000000e+00 0.000000e+00 37.005318 0.772033 0.062183 0.355499 0.282732 -0.021769 0.104293 0.089581 0.000000 0.000000 0.000000 0.000000 0.000000 0.087853 0.087853 3.060246 3.026425e+04 1.497300e+04 0 0.000000e+00 0.000000e+00 0.000000e+00 1158 1161 -1 27 0.496530
141 32 2.084e+04 1.173e+04 0.564709 1.065899 0.488281 1.946956 0.481082 0.476841 0.514645 -3.228311 -9.667741 10.387219 -0.00894627 -0.00206074 -0.0121254 12925.5 0.027004 0.000029 0.687515 -3.228311 -9.667741 10.387219 0.687515 30 1.172525e+04 1.172525e+04 0.000000e+00 0.000000e+00 47.238304 0.981268 0.018026 0.640016 0.369607 -0.039506 0.089940 0.019361 0.000000 0.000000 0.000000 0.000000 0.000000 0.103541 0.103541 3.034748 2.749408e+04 1.171800e+04 0 0.000000e+00 0.000000e+00 0.000000e+00 1160 1153 -1 32 1.657989
142 35 4.039e+04 3.127e+04 0.783095 1.737914 0.489795 2.047989 0.481226 0.476695 0.515007 -2.531253 -9.925646 10.801922 0.216121 -0.0809676 -0.0145472 16033.3 0.0393799 0.000031 0.396310 -2.531253 -9.925646 10.801922 0.396310 60 3.126733e+04 3.126733e+04 3.126733e+04 0.000000e+00 17.663008 0.512078 0.053448 0.570740 0.199430 0.003009 -0.050773 0.230238 0.581955 0.190847 -0.001473 -0.051712 0.221779 0.063701 0.063701 1.313091 4.255810e+04 1.432200e+04 0 0.000000e+00 0.000000e+00 0.000000e+00 1161 1153 -1 62 1.805688
143 344 1.746e+05 1.146e+05 1.207550 2.165259 1.058366 3.174067 0.481297 0.476581 0.515735 -2.631885 -9.529695 12.412477 0.813554 1.66548 -0.82004 248801 0.0528149 0.000034 0.382391 -3.425641 -8.800239 11.910914 0.293443 99 1.133441e+05 1.133441e+05 4.168978e+04 0.000000e+00 5.021086 1.027831 0.053730 0.337874 0.187241 -0.149459 0.049022 0.360258 0.679036 0.459048 -0.143497 0.043146 0.166334 1.048683 0.341543 1.625238 9.929582e+04 1.464750e+05 0 0.000000e+00 0.000000e+00 0.000000e+00 1162 1153 -1 344 1.624633
144 43 2.801e+04 1.433e+04 0.603775 1.178396 0.488281 1.856750 0.481631 0.476767 0.514747 -3.238016 -7.986445 11.597969 0.0512336 -0.0101523 -0.00850299 21083.2 0.0726607 0.000032 0.739217 -3.238016 -7.986445 11.597969 0.739217 41 1.433086e+04 1.433086e+04 0.000000e+00 0.000000e+00 38.736095 1.756777 0.044894 0.690116 0.172967 0.016526 0.083924 0.113998 0.000000 0.000000 0.000000 0.000000 0.000000 0.090215 0.090215 2.885208 2.414903e+04 1.367100e+04 0 0.000000e+00 0.000000e+00 0.000000e+00 1163 1153 -1 43 1.818474
145 254 6.905e+04 3.583e+04 0.819449 1.488027 0.765545 2.759196 0.479050 0.481019 0.514995 -13.983045 -9.654694 13.998373 -0.746118 -0.169069 0.291057 85669.3 0.22926 0.000045 0.373137 -13.941692 -9.646273 14.030344 0.374294 99 3.582715e+04 3.582715e+04 0.000000e+00 0.000000e+00 15.511789 0.769712 0.150781 0.298056 0.214989 -0.076140 0.260316 -0.053573 0.000000 0.000000 0.000000 0.000000 0.000000 0.203110 0.203110 2.660254 3.958976e+04 3.580500e+04 0 0.000000e+00 0.000000e+00 0.000000e+00 1166 -1 -1 254 9.580089
146 41 7.817e+03 7.817e+03 0.493319 0.870303 0.488281 1.897795 0.486683 0.481038 0.518426 -18.020941 -12.366001 -7.302093 -0.0211867 0.0249193 -0.000685076 -1423.47 0.0531211 0.000087 0.194846 -18.020941 -12.366001 -7.302093 0.194846 10 0.000000e+00 0.000000e+00 0.000000e+00 0.000000e+00 71.525261 1.920273 0.076227 0.234140 0.138138 -0.020912 0.037649 0.184305 0.000000 0.000000 0.000000 0.000000 0.000000 0.179748 0.179748 0.370527 1.077124e+04 1.236900e+04 0 0.000000e+00 0.000000e+00 0.000000e+00 1174 -1 -1 41 31.498920
