#ID DescID Mvir Vmax Vrms Rvir Rs Np X Y Z VX VY VZ JX JY JZ Spin rs_klypin Mvir_all M200b M200c M500c M2500c Xoff Voff spin_bullock b_to_a c_to_a A[x] A[y] A[z] b_to_a(500c) c_to_a(500c) A[x](500c) A[y](500c) A[z](500c) T/|U| M_pe_Behroozi M_pe_Diemer Type SM Gas BH_Mass
#a = 0.090909
#Om = 0.315000; Ol = 0.685000; h = 0.674000
#FOF linking length: 0.280000
#Unbound Threshold: 0.500000; FOF Refinement Threshold: 0.700000
#Particle mass: 6.51403e+02 Msun/h
#Box size: 1.000000 Mpc/h
#Force resolution assumed: 0.000488281 Mpc/h
#Units: Masses in Msun / h
#Units: Positions in Mpc / h (comoving)
#Units: Velocities in km / s (physical, peculiar)
#Units: Halo Distances, Lengths, and Radii in kpc / h (comoving)
#Units: Angular Momenta in (Msun/h) * (Mpc/h) * km/s (physical)
#Units: Spins are dimensionless
#Np is an internal debugging quantity.
#Rockstar-Galaxies Version: 0.99.9-RC3-newA
147 -1 9.7710e+03 0.96 1.22 0.531 0.136 116 0.45249 0.48944 0.48807 6.05 -9.37 6.66 6.529e-03 1.571e-02 1.090e-03 0.00687 0.13585 9.7710e+03 9.7710e+03 9.7710e+03 0.0000e+00 0.0000e+00 55.06868 0.87 0.02738 0.15948 0.10242 0.06440 0.16363 0.08234 0.00000 0.00000 0.00000 0.00000 0.00000 1.0715 4.9293e+04 9.7650e+03 0 0.0000e+00 0.0000e+00 0.0000e+00
148 -1 1.2377e+04 1.01 1.01 0.575 0.248 52 0.45371 0.48870 0.48840 5.90 -9.01 6.76 2.316e-02 -1.979e-02 -2.031e-02 0.02359 0.24801 1.2377e+04 1.1074e+04 1.1074e+04 0.0000e+00 0.0000e+00 43.51722 0.67 0.03966 0.17643 0.00219 0.31631 -0.18346 -0.04975 0.00000 0.00000 0.00000 0.00000 0.00000 0.6356 1.5224e+04 2.4087e+04 0 0.0000e+00 0.0000e+00 0.0000e+00
149 -1 1.4982e+04 1.08 0.70 0.613 0.221 133 0.45495 0.48909 0.48994 5.55 -8.35 7.32 -8.073e-03 -3.821e-02 -2.572e-02 0.02953 0.22121 2.0193e+04 9.7710e+03 9.7710e+03 0.0000e+00 0.0000e+00 36.01111 0.84 0.03684 0.40847 0.11728 -0.01373 0.18066 0.18871 0.00000 0.00000 0.00000 0.00000 0.00000 0.4149 2.8876e+04 2.2785e+04 0 0.0000e+00 0.0000e+00 0.0000e+00
150 -1 7.8168e+03 0.87 1.22 0.493 0.180 142 0.46245 0.46900 0.50897 9.57 -5.94 8.13 7.265e-03 -1.997e-02 -2.880e-02 0.00447 0.17975 9.1196e+03 0.0000e+00 0.0000e+00 0.0000e+00 0.0000e+00 69.34821 1.51 0.08338 0.46127 0.28103 -0.01513 0.16621 -0.13966 0.00000 0.00000 0.00000 0.00000 0.00000 0.9968 2.7086e+04 1.3671e+04 0 0.0000e+00 0.0000e+00 0.0000e+00
151 -1 9.7710e+03 0.97 0.99 0.531 0.122 56 0.45109 0.49543 0.47290 2.68 -6.36 8.12 -2.117e-02 8.400e-03 2.452e-02 0.02883 0.12228 9.7710e+03 9.7710e+03 9.7710e+03 0.0000e+00 0.0000e+00 54.71796 0.71 0.05375 0.48889 0.29942 0.21525 -0.00347 0.08778 0.00000 0.00000 0.00000 0.00000 0.00000 0.6732 1.8651e+04 9.7650e+03 0 0.0000e+00 0.0000e+00 0.0000e+00
152 -1 1.9542e+04 1.19 0.96 0.670 0.203 81 0.45242 0.49517 0.47486 2.68 -6.55 8.15 -3.543e-02 -2.652e-02 1.029e-01 0.04113 0.20269 1.9542e+04 1.6285e+04 1.6285e+04 0.0000e+00 0.0000e+00 27.40813 0.36 0.05669 0.45001 0.16216 0.03930 0.16245 0.15606 0.00000 0.00000 0.00000 0.00000 0.00000 0.5292 2.3027e+04 2.0181e+04 0 0.0000e+00 0.0000e+00 0.0000e+00
153 -1 1.2377e+04 1.02 1.09 0.575 0.201 130 0.49667 0.49169 0.45886 -1.62 -10.85 6.93 2.444e-02 1.128e-02 6.248e-03 0.01424 0.20133 1.2377e+04 1.0422e+04 1.0422e+04 0.0000e+00 0.0000e+00 43.99802 0.68 0.02994 0.37438 0.23996 0.09292 0.08526 0.19706 0.00000 0.00000 0.00000 0.00000 0.00000 0.7684 1.4564e+04 1.8879e+04 0 0.0000e+00 0.0000e+00 0.0000e+00
154 -1 2.1496e+04 1.21 0.89 0.691 0.286 108 0.50133 0.46629 0.50584 -13.67 -0.28 0.97 1.257e-02 -1.420e-01 2.029e-02 0.05223 0.28582 2.1496e+04 1.4982e+04 1.4982e+04 0.0000e+00 0.0000e+00 25.80608 0.42 0.06215 0.20635 0.07710 0.24430 -0.12352 0.03874 0.00000 0.00000 0.00000 0.00000 0.00000 0.3612 2.3851e+04 3.6456e+04 0 0.0000e+00 0.0000e+00 0.0000e+00
155 -1 1.2377e+04 1.04 0.83 0.575 0.144 71 0.52982 0.46131 0.49294 -9.52 -3.02 1.94 6.833e-03 6.112e-03 -1.725e-02 0.01620 0.14356 1.2377e+04 1.2377e+04 1.2377e+04 0.0000e+00 0.0000e+00 45.15422 0.54 0.02116 0.69048 0.01250 0.07932 0.26632 0.07755 0.00000 0.00000 0.00000 0.00000 0.00000 0.4081 1.5933e+04 1.2369e+04 0 0.0000e+00 0.0000e+00 0.0000e+00
156 -1 8.4682e+03 0.90 0.77 0.507 0.162 39 0.51028 0.44473 0.48737 -4.10 5.40 6.34 4.181e-03 1.514e-03 -1.691e-02 0.02931 0.16224 8.4682e+03 0.0000e+00 0.0000e+00 0.0000e+00 0.0000e+00 64.19026 0.71 0.03564 0.67077 0.32929 0.12140 0.07683 0.00232 0.00000 0.00000 0.00000 0.00000 0.00000 0.1652 8.6149e+03 1.1067e+04 0 0.0000e+00 0.0000e+00 0.0000e+00
157 -1 1.3028e+04 1.04 2.45 0.585 0.176 308 0.50384 0.47517 0.46174 -7.67 -6.92 8.19 -2.350e-02 3.405e-02 -2.039e-02 0.09466 0.17574 2.3450e+04 1.2377e+04 1.2377e+04 0.0000e+00 0.0000e+00 41.64054 1.04 0.04586 0.84579 0.55110 0.24030 0.08458 -0.07711 0.00000 0.00000 0.00000 0.00000 0.00000 4.5015 1.6735e+04 1.4973e+04 0 0.0000e+00 0.0000e+00 0.0000e+00
158 -1 5.2112e+04 1.63 2.11 0.928 0.389 261 0.49705 0.47684 0.47104 -10.40 -2.14 8.80 -2.692e-01 4.197e-01 2.033e-01 0.03474 0.38856 5.6021e+04 4.8204e+04 4.8204e+04 0.0000e+00 0.0000e+00 10.40876 0.24 0.05312 0.37152 0.11125 0.04282 -0.17075 0.28141 0.00000 0.00000 0.00000 0.00000 0.00000 1.3205 4.5899e+04 7.2912e+04 0 0.0000e+00 0.0000e+00 0.0000e+00
159 -1 9.1196e+03 0.94 1.49 0.519 0.133 53 0.50099 0.47859 0.47042 -11.24 5.16 5.90 4.274e-02 -2.984e-02 -2.358e-02 0.09068 0.13276 1.0422e+04 9.1196e+03 9.1196e+03 0.0000e+00 0.0000e+00 59.85274 1.00 0.10309 0.86839 0.37989 0.09093 0.14935 -0.06526 0.00000 0.00000 0.00000 0.00000 0.00000 1.8969 1.0837e+04 9.1140e+03 0 0.0000e+00 0.0000e+00 0.0000e+00
160 -1 7.8168e+03 0.87 1.52 0.493 0.180 50 0.50720 0.47551 0.45910 -3.54 -8.44 10.20 -5.516e-03 -7.375e-02 1.788e-02 0.14777 0.17975 7.8168e+03 0.0000e+00 0.0000e+00 0.0000e+00 0.0000e+00 69.36577 1.14 0.17727 0.08169 0.00000 0.18127 -0.24041 0.25892 0.00000 0.00000 0.00000 0.00000 0.00000 1.9007 1.1037e+04 1.2369e+04 0 0.0000e+00 0.0000e+00 0.0000e+00
161 -1 1.1725e+04 1.03 0.99 0.565 0.133 93 0.50782 0.47587 0.45773 -3.78 -8.49 9.85 3.087e-02 -5.987e-02 -2.207e-02 0.06173 0.13347 1.1725e+04 1.1725e+04 1.1725e+04 0.0000e+00 0.0000e+00 46.27008 0.75 0.08402 0.65207 0.42986 0.06237 0.18149 -0.05962 0.00000 0.00000 0.00000 0.00000 0.00000 0.4434 2.5184e+04 1.1718e+04 0 0.0000e+00 0.0000e+00 0.0000e+00
162 -1 4.9507e+04 1.61 2.33 0.913 0.325 346 0.50687 0.47419 0.46306 -2.75 -6.24 9.59 -2.487e-01 6.690e-01 1.484e-01 0.06409 0.32526 5.9278e+04 4.5598e+04 4.5598e+04 2.4102e+04 0.0000e+00 11.03141 0.22 0.07834 0.76495 0.44087 0.23323 -0.13190 0.15958 0.24956 0.01442 0.18429 -0.02079 0.19535 1.4699 5.6631e+04 7.4865e+04 0 0.0000e+00 0.0000e+00 0.0000e+00
163 -1 4.4556e+05 3.40 4.29 1.899 0.515 1649 0.50781 0.47862 0.46369 -4.64 -1.76 9.81 -6.103e+00 -8.559e+00 2.141e+01 0.02282 0.55367 5.3871e+05 4.3644e+05 4.3644e+05 2.2017e+05 0.0000e+00 1.45900 0.92 0.06581 0.57157 0.34475 -0.10838 0.49496 0.02106 0.76342 0.34594 -0.06840 0.34270 0.10698 1.0739 4.6664e+05 4.7458e+05 0 0.0000e+00 0.0000e+00 0.0000e+00
164 -1 8.4682e+03 0.91 1.35 0.507 0.148 52 0.48877 0.47988 0.48486 -9.81 1.45 7.77 -3.436e-02 -2.396e-02 3.115e-03 0.05731 0.14848 8.4682e+03 0.0000e+00 0.0000e+00 0.0000e+00 0.0000e+00 64.55416 0.97 0.08563 0.91655 0.53431 -0.04775 0.21107 -0.05442 0.00000 0.00000 0.00000 0.00000 0.00000 1.5527 7.7185e+03 9.1140e+03 0 0.0000e+00 0.0000e+00 0.0000e+00
165 -1 7.8168e+03 0.87 1.84 0.493 0.188 31 0.47873 0.49163 0.48902 2.40 -11.11 15.20 -7.485e-02 5.830e-02 -8.396e-03 0.17460 0.18772 7.8168e+03 0.0000e+00 0.0000e+00 0.0000e+00 0.0000e+00 70.21463 1.58 0.22192 0.65194 0.35059 -0.04128 0.23068 -0.10941 0.00000 0.00000 0.00000 0.00000 0.00000 1.8023 6.4153e+03 8.4630e+03 0 0.0000e+00 0.0000e+00 0.0000e+00
166 -1 6.1883e+04 1.89 1.22 0.983 0.163 294 0.47822 0.49398 0.49179 2.26 -18.86 6.46 -5.073e-01 2.217e-01 1.729e-01 0.04400 0.16287 7.3609e+04 5.9278e+04 5.9278e+04 4.5598e+04 0.0000e+00 8.90559 0.54 0.04297 0.31916 0.11117 0.35139 0.10715 0.18926 0.61707 0.11470 0.19087 0.19108 0.07322 0.3467 6.0927e+04 4.8174e+04 0 0.0000e+00 0.0000e+00 0.0000e+00
167 -1 9.7710e+03 0.96 1.53 0.531 0.146 56 0.49701 0.47161 0.48027 -7.53 -6.58 11.70 -2.624e-02 -1.014e-02 9.478e-02 0.18976 0.14594 1.6285e+04 9.7710e+03 9.7710e+03 0.0000e+00 0.0000e+00 55.75127 0.54 0.15878 0.42208 0.04832 0.03188 0.20702 0.10180 0.00000 0.00000 0.00000 0.00000 0.00000 2.3675 9.8825e+03 1.1067e+04 0 0.0000e+00 0.0000e+00 0.0000e+00
168 -1 9.1196e+03 0.91 1.52 0.519 0.196 55 0.49852 0.47895 0.47440 -5.59 -7.93 4.47 4.536e-04 6.536e-02 -1.592e-02 0.14377 0.19580 1.0422e+04 0.0000e+00 0.0000e+00 0.0000e+00 0.0000e+00 59.89846 0.68 0.12122 0.77795 0.51419 0.17330 0.10691 0.06548 0.00000 0.00000 0.00000 0.00000 0.00000 2.6675 8.7868e+03 1.3020e+04 0 0.0000e+00 0.0000e+00 0.0000e+00
169 -1 1.5634e+04 1.16 1.22 0.622 0.125 45 0.49828 0.48187 0.47397 -11.11 3.61 5.29 -6.559e-02 -4.713e-02 -1.988e-02 0.02163 0.12482 1.7588e+04 1.4982e+04 1.4982e+04 0.0000e+00 0.0000e+00 34.98856 0.58 0.06104 0.65048 0.42811 -0.13535 -0.05563 0.16483 0.00000 0.00000 0.00000 0.00000 0.00000 0.8905 1.6040e+04 1.3671e+04 0 0.0000e+00 0.0000e+00 0.0000e+00
170 -1 3.5827e+04 1.45 1.90 0.819 0.277 82 0.50332 0.47856 0.47301 -8.95 -1.34 7.93 -1.439e-01 1.361e-01 2.229e-01 0.03648 0.27663 4.4947e+04 3.4524e+04 3.4524e+04 0.0000e+00 0.0000e+00 15.23867 0.47 0.05493 0.67744 0.29910 0.22958 0.13672 0.13029 0.00000 0.00000 0.00000 0.00000 0.00000 1.3240 3.0550e+04 4.1664e+04 0 0.0000e+00 0.0000e+00 0.0000e+00
171 -1 8.0383e+05 4.51 4.39 2.311 0.235 2103 0.50108 0.48090 0.47210 -7.89 0.53 8.17 -1.307e+01 -1.605e+01 -7.560e+00 0.01845 0.34381 8.0383e+05 7.8689e+05 7.8624e+05 6.2144e+05 0.0000e+00 0.73929 0.72 0.02275 0.84516 0.63916 0.26633 0.41488 -0.10727 0.45927 0.37413 0.25760 0.40193 -0.05507 0.6502 7.4867e+05 3.1378e+05 0 0.0000e+00 0.0000e+00 0.0000e+00
172 -1 3.0616e+04 1.46 0.93 0.778 0.149 49 0.49520 0.47412 0.48047 -4.99 -6.05 8.78 1.589e-02 -9.163e-02 -5.910e-02 0.02543 0.14867 3.1919e+04 3.0616e+04 3.0616e+04 0.0000e+00 0.0000e+00 17.82171 0.41 0.02638 0.85682 0.39113 0.03480 0.12813 0.21337 0.00000 0.00000 0.00000 0.00000 0.00000 0.3362 2.8508e+04 2.4738e+04 0 0.0000e+00 0.0000e+00 0.0000e+00
173 -1 3.6446e+06 6.72 7.32 3.825 1.849 10410 0.49692 0.47550 0.47766 -5.39 -4.98 8.23 3.144e+02 3.152e+02 1.459e+02 0.02766 1.66726 3.7905e+06 3.3365e+06 3.3293e+06 1.9972e+06 7.3543e+05 0.26595 1.37 0.03893 0.80386 0.49437 -0.31185 -0.15478 0.55944 0.95024 0.59111 -0.19998 -0.12607 0.42182 0.7094 3.7780e+06 6.6773e+06 0 0.0000e+00 0.0000e+00 0.0000e+00
174 -1 1.2246e+05 2.18 3.49 1.234 0.943 445 0.49594 0.48223 0.47608 -9.38 -1.61 5.43 -5.131e-01 2.615e+00 2.812e+00 0.09205 0.44404 1.8239e+05 1.1400e+05 1.1400e+05 6.3186e+04 0.0000e+00 4.45956 0.24 0.09201 0.73798 0.43403 0.33736 -0.03322 0.14766 0.50764 0.23648 0.26576 -0.04699 0.04844 1.6303 1.0781e+05 1.7252e+05 0 0.0000e+00 0.0000e+00 0.0000e+00
175 -1 2.0193e+04 1.21 2.02 0.677 0.203 184 0.50163 0.47476 0.47340 -8.79 -4.72 11.33 -3.050e-01 -3.012e-01 2.210e-01 0.32345 0.20343 2.5405e+04 1.4982e+04 1.4982e+04 0.0000e+00 0.0000e+00 26.93218 0.88 0.23100 0.42972 0.02437 0.20496 -0.03776 -0.18744 0.00000 0.00000 0.00000 0.00000 0.00000 2.6723 2.5127e+04 2.4087e+04 0 0.0000e+00 0.0000e+00 0.0000e+00
176 -1 1.0422e+04 0.97 1.03 0.543 0.155 53 0.47098 0.47283 0.50918 3.20 3.27 -4.64 -3.305e-02 -7.163e-02 4.036e-02 0.07159 0.15464 1.2377e+04 9.7710e+03 9.7710e+03 0.0000e+00 0.0000e+00 52.48283 0.64 0.12781 0.41517 0.08399 0.18366 -0.13837 -0.06877 0.00000 0.00000 0.00000 0.00000 0.00000 1.3314 1.0314e+04 1.1718e+04 0 0.0000e+00 0.0000e+00 0.0000e+00
177 -1 2.0193e+04 1.26 1.49 0.677 0.139 48 0.48012 0.47242 0.50018 1.66 -17.18 -17.01 -1.546e-01 -1.452e-01 -7.308e-02 0.07826 0.13896 3.1267e+04 2.0193e+04 2.0193e+04 0.0000e+00 0.0000e+00 27.07757 0.90 0.10744 0.25686 0.07919 -0.16436 0.19370 -0.11033 0.00000 0.00000 0.00000 0.00000 0.00000 1.3907 1.7962e+04 1.7577e+04 0 0.0000e+00 0.0000e+00 0.0000e+00
178 -1 7.0742e+05 4.19 5.34 2.215 0.168 1743 0.48118 0.47335 0.50008 2.69 -12.16 -12.71 2.745e+01 1.728e+01 5.076e+01 0.02265 0.39947 1.0266e+06 7.0026e+05 7.0026e+05 5.1656e+05 0.0000e+00 0.65065 1.20 0.07693 0.63806 0.35932 0.38989 0.36822 -0.04473 0.87147 0.31737 0.20581 0.30705 -0.16021 1.0444 6.4071e+05 1.7121e+05 0 0.0000e+00 0.0000e+00 0.0000e+00
179 -1 9.7710e+03 0.95 1.62 0.531 0.150 56 0.48290 0.47206 0.50066 3.13 2.69 5.96 5.134e-02 -3.904e-02 -1.004e-01 0.24106 0.14959 1.7588e+04 9.7710e+03 9.7710e+03 0.0000e+00 0.0000e+00 56.10432 0.37 0.19171 0.33445 0.05083 0.19672 0.15298 0.01439 0.00000 0.00000 0.00000 0.00000 0.00000 2.2525 8.3190e+03 9.7650e+03 0 0.0000e+00 0.0000e+00 0.0000e+00
180 -1 4.5598e+04 1.57 1.29 0.888 0.330 346 0.49479 0.45792 0.50909 -6.50 9.11 5.55 -1.195e-01 -2.253e-01 5.809e-03 0.02120 0.33017 4.5598e+04 0.0000e+00 0.0000e+00 0.0000e+00 0.0000e+00 12.06104 0.18 0.03143 0.59559 0.12306 0.35574 -0.14622 0.17902 0.00000 0.00000 0.00000 0.00000 0.00000 0.5996 9.7216e+04 9.3744e+04 0 0.0000e+00 0.0000e+00 0.0000e+00
181 -1 1.3679e+04 1.05 1.21 0.594 0.212 142 0.48361 0.46689 0.50843 -5.82 -8.57 3.54 -1.629e-01 -6.581e-02 6.580e-02 0.06884 0.21189 2.2148e+04 0.0000e+00 0.0000e+00 0.0000e+00 0.0000e+00 40.16001 0.45 0.17200 0.20684 0.07396 0.17102 0.06047 0.36255 0.00000 0.00000 0.00000 0.00000 0.00000 1.1618 3.0992e+04 2.3436e+04 0 0.0000e+00 0.0000e+00 0.0000e+00
182 -1 1.1074e+04 1.00 1.30 0.554 0.139 48 0.48108 0.48151 0.49871 -6.66 -8.04 -1.11 5.198e-02 -7.391e-03 2.732e-02 0.05308 0.13884 1.2377e+04 1.1074e+04 1.1074e+04 0.0000e+00 0.0000e+00 49.57290 0.63 0.07717 0.91056 0.32038 0.15388 -0.10714 -0.08825 0.00000 0.00000 0.00000 0.00000 0.00000 1.5022 9.7272e+03 1.1067e+04 0 0.0000e+00 0.0000e+00 0.0000e+00
183 -1 1.1986e+05 2.39 3.26 1.226 0.247 241 0.48058 0.48744 0.49493 8.45 -15.19 12.33 4.577e-01 -8.852e-01 7.015e+00 0.12703 0.18315 1.5699e+05 1.1856e+05 1.1856e+05 9.3802e+04 0.0000e+00 4.25548 0.84 0.17441 0.25654 0.11907 0.27568 0.24224 -0.05225 0.22567 0.11135 0.21435 0.16326 -0.06843 1.2818 1.1394e+05 1.1262e+05 0 0.0000e+00 0.0000e+00 0.0000e+00
184 -1 1.3679e+04 1.15 2.24 0.594 0.093 34 0.47812 0.48612 0.49501 -0.61 -16.89 11.34 -1.060e-01 -4.265e-02 1.798e-02 0.18326 0.09288 2.2148e+04 1.3679e+04 1.3679e+04 0.0000e+00 0.0000e+00 40.11241 1.00 0.10606 0.62994 0.17814 0.12262 -0.08083 0.06092 0.00000 0.00000 0.00000 0.00000 0.00000 3.2768 2.0694e+04 1.2369e+04 0 0.0000e+00 0.0000e+00 0.0000e+00
185 -1 1.0051e+06 5.45 5.22 2.490 0.293 3094 0.47853 0.48649 0.49510 2.13 -16.43 11.11 7.257e+01 -1.240e+01 -3.303e+01 0.05051 0.21428 1.1536e+06 9.5691e+05 9.5626e+05 7.3022e+05 5.1787e+05 0.30691 0.72 0.05738 0.84903 0.69450 0.25124 0.29877 -0.14409 0.71767 0.57997 0.13368 0.33321 -0.13560 0.6525 1.0320e+06 6.4449e+05 0 0.0000e+00 0.0000e+00 0.0000e+00
186 -1 2.8010e+04 1.65 1.61 0.755 0.066 45 0.47885 0.48719 0.49504 3.81 -13.94 14.05 -6.682e-02 5.242e-02 7.012e-02 0.00854 0.06587 2.9313e+04 2.8010e+04 2.8010e+04 2.8010e+04 0.0000e+00 19.63148 0.51 0.03058 0.42003 0.31334 0.10896 0.03983 -0.02343 0.42003 0.31334 0.10896 0.03983 -0.02343 0.9460 7.9469e+04 2.6691e+04 0 0.0000e+00 0.0000e+00 0.0000e+00
187 -1 1.0032e+05 2.15 2.55 1.155 0.673 304 0.47963 0.48036 0.50820 -8.36 -0.17 24.78 -6.438e-01 -2.116e+00 5.192e-01 0.01908 0.23283 1.4722e+05 9.7059e+04 9.7059e+04 7.1003e+04 0.0000e+00 5.52910 0.51 0.07523 0.43108 0.27678 -0.14537 0.17185 0.29178 0.49337 0.26374 -0.04019 0.14103 0.23614 0.9614 8.6475e+04 1.0546e+05 0 0.0000e+00 0.0000e+00 0.0000e+00
188 -1 5.4718e+04 2.30 3.33 0.944 0.053 124 0.48131 0.47844 0.50854 -3.90 16.51 22.28 -8.380e-01 -4.386e-01 9.594e-01 0.17498 0.05323 9.7710e+04 5.4718e+04 5.4718e+04 5.4718e+04 0.0000e+00 10.06585 0.84 0.12253 0.44710 0.32359 -0.06125 0.22010 0.07062 0.44159 0.28243 -0.06019 0.22199 0.06428 1.9749 8.7454e+04 2.0832e+04 0 0.0000e+00 0.0000e+00 0.0000e+00
189 -1 1.1074e+04 1.04 2.16 0.554 0.108 26 0.48116 0.47869 0.50859 -6.02 15.59 20.06 1.772e-02 3.542e-02 -7.608e-02 0.14965 0.10847 1.6936e+04 1.1074e+04 1.1074e+04 0.0000e+00 0.0000e+00 49.88347 1.50 0.11182 0.44615 0.21149 0.06949 0.05987 0.01920 0.00000 0.00000 0.00000 0.00000 0.00000 2.7549 2.9176e+04 1.1067e+04 0 0.0000e+00 0.0000e+00 0.0000e+00
190 -1 4.0387e+04 1.50 2.58 0.853 0.353 343 0.48385 0.48022 0.50012 -12.81 -3.23 23.34 -5.752e-01 6.083e-02 1.472e+00 0.30397 0.35321 5.2764e+04 3.4524e+04 3.4524e+04 0.0000e+00 0.0000e+00 13.59562 0.45 0.23867 0.25226 0.21927 -0.10766 -0.02375 0.29597 0.00000 0.00000 0.00000 0.00000 0.00000 2.2777 5.6124e+04 8.0073e+04 0 0.0000e+00 0.0000e+00 0.0000e+00
191 -1 7.8168e+03 0.87 1.83 0.493 0.180 35 0.48655 0.48186 0.49574 -11.24 -1.19 17.19 4.174e-02 9.345e-02 -3.930e-02 0.10696 0.17975 8.4682e+03 0.0000e+00 0.0000e+00 0.0000e+00 0.0000e+00 70.44486 1.72 0.25545 0.17499 0.08331 -0.12081 0.05093 0.32640 0.00000 0.00000 0.00000 0.00000 0.00000 1.2232 9.2336e+03 1.1067e+04 0 0.0000e+00 0.0000e+00 0.0000e+00
192 -1 1.0422e+04 1.00 1.54 0.543 0.124 102 0.48024 0.47171 0.50972 -8.37 19.83 -1.62 -2.302e-02 -3.900e-02 -2.703e-02 0.03206 0.12387 1.0422e+04 1.0422e+04 1.0422e+04 0.0000e+00 0.0000e+00 52.79871 1.35 0.07607 0.30653 0.15327 -0.05487 0.20883 0.10293 0.00000 0.00000 0.00000 0.00000 0.00000 0.8053 2.5238e+04 9.7650e+03 0 0.0000e+00 0.0000e+00 0.0000e+00
193 -1 2.1301e+05 2.69 3.44 1.485 0.980 1071 0.47989 0.47740 0.50967 0.99 23.29 -7.11 -1.376e+01 2.137e-01 -1.003e+01 0.02798 0.37134 2.7815e+05 2.0584e+05 2.0584e+05 1.3158e+05 0.0000e+00 2.57935 0.23 0.16077 0.44468 0.09211 0.09751 0.39494 -0.33104 0.77046 0.15296 0.22419 0.13415 -0.18973 1.0176 1.7781e+05 3.0337e+05 0 0.0000e+00 0.0000e+00 0.0000e+00
194 -1 6.2535e+04 1.89 2.27 0.987 0.162 81 0.48005 0.47863 0.50884 2.74 20.60 -9.80 -8.620e-01 2.510e-01 -2.178e-01 0.00539 0.16242 8.5985e+04 6.2535e+04 6.2535e+04 4.6901e+04 0.0000e+00 8.79518 0.34 0.06725 0.49525 0.16215 -0.08306 -0.20448 0.22688 0.32181 0.12850 0.04845 0.19085 -0.19162 1.0038 5.5145e+04 4.6872e+04 0 0.0000e+00 0.0000e+00 0.0000e+00
195 -1 2.2799e+04 1.35 1.93 0.705 0.119 45 0.48019 0.47886 0.50851 3.00 19.51 -11.04 3.177e-02 9.120e-02 -2.902e-01 0.11152 0.11934 2.3450e+04 2.2799e+04 2.2799e+04 0.0000e+00 0.0000e+00 24.11360 0.67 0.11966 0.71330 0.21632 0.15223 0.06235 -0.14222 0.00000 0.00000 0.00000 0.00000 0.00000 1.6864 2.1381e+04 1.4973e+04 0 0.0000e+00 0.0000e+00 0.0000e+00
196 -1 1.4331e+04 1.11 2.12 0.604 0.135 44 0.48203 0.48066 0.50764 7.35 15.34 -10.81 -8.417e-02 -1.360e-01 -1.167e-01 0.25203 0.13494 2.3450e+04 1.3679e+04 1.3679e+04 0.0000e+00 0.0000e+00 38.58841 0.96 0.16800 0.34938 0.19866 0.17557 0.22905 -0.10471 0.00000 0.00000 0.00000 0.00000 0.00000 3.0144 1.3634e+04 1.3020e+04 0 0.0000e+00 0.0000e+00 0.0000e+00
197 -1 5.2112e+04 1.70 1.78 0.928 0.209 189 0.48248 0.48166 0.50682 7.26 12.09 -10.62 -6.530e-01 -9.966e-02 -5.206e-01 0.03900 0.20871 6.0580e+04 5.0809e+04 5.0809e+04 2.8662e+04 0.0000e+00 10.58155 0.57 0.08297 0.43786 0.20619 -0.19704 -0.19948 0.19326 0.30764 0.07590 0.11978 0.24804 -0.03832 0.8521 4.4556e+04 4.8174e+04 0 0.0000e+00 0.0000e+00 0.0000e+00
198 -1 1.7523e+05 4.02 4.19 1.391 0.092 203 0.48214 0.47666 0.50446 -4.27 -4.17 8.79 -9.213e-01 -2.514e+00 -8.521e-01 0.00136 0.04416 2.6252e+05 1.7523e+05 1.7523e+05 1.7523e+05 1.7262e+05 3.15810 1.27 0.03673 0.81719 0.55591 0.17367 0.02789 -0.03952 0.81719 0.55591 0.17367 0.02789 -0.03952 0.9996 4.8431e+05 1.4582e+05 0 0.0000e+00 0.0000e+00 0.0000e+00
199 -1 4.4947e+04 2.09 3.53 0.884 0.056 88 0.48057 0.47679 0.50752 -5.64 -7.75 4.16 -2.763e-01 -2.450e-01 -1.452e-02 0.08292 0.05630 6.5140e+04 4.4947e+04 4.4947e+04 4.4947e+04 0.0000e+00 12.29283 0.18 0.04665 0.58817 0.53096 0.06571 0.00836 0.09481 0.58817 0.53096 0.06571 0.00836 0.09481 2.5575 1.3456e+05 4.0362e+04 0 0.0000e+00 0.0000e+00 0.0000e+00
200 -1 6.3877e+07 17.85 19.87 9.936 2.824 70610 0.48145 0.47692 0.50619 -4.63 -6.53 1.88 4.541e+03 -1.964e+04 7.023e+03 0.01081 2.75050 6.3877e+07 6.1883e+07 6.1855e+07 3.8351e+07 1.1938e+07 0.67439 1.66 0.01500 0.38984 0.30984 -0.40115 0.22490 1.54335 0.29895 0.23414 -0.48604 0.12411 1.18529 0.7150 5.2681e+07 6.8440e+07 0 0.0000e+00 0.0000e+00 0.0000e+00
201 -1 8.7288e+04 1.95 2.30 1.103 0.940 351 0.48511 0.48694 0.50648 0.90 0.05 3.25 6.420e-01 -3.719e-01 1.035e+00 0.00707 0.37660 1.1725e+05 8.0123e+04 8.0123e+04 3.7781e+04 0.0000e+00 6.36611 0.39 0.05319 0.66021 0.19340 0.26664 -0.11004 0.20177 0.40690 0.20982 0.22005 -0.13521 0.06502 1.0118 7.8589e+04 1.3801e+05 0 0.0000e+00 0.0000e+00 0.0000e+00
202 -1 2.2148e+04 1.24 1.94 0.698 0.229 165 0.48898 0.48354 0.50750 -4.70 0.46 0.97 -1.669e-01 -1.891e-01 2.253e-01 0.15544 0.22851 4.2993e+04 1.5634e+04 1.5634e+04 0.0000e+00 0.0000e+00 25.12904 0.30 0.13887 0.58564 0.04257 0.21772 -0.18456 -0.01462 0.00000 0.00000 0.00000 0.00000 0.00000 1.9591 1.8950e+04 2.4738e+04 0 0.0000e+00 0.0000e+00 0.0000e+00
203 -1 2.5405e+04 1.32 1.57 0.731 0.185 67 0.48476 0.48067 0.50638 -9.08 -12.50 -8.41 -1.259e-01 -2.998e-01 -9.945e-02 0.05217 0.18467 3.7781e+04 2.4753e+04 2.4753e+04 0.0000e+00 0.0000e+00 21.80263 0.58 0.11110 0.61028 0.20000 -0.04059 0.06226 0.33645 0.00000 0.00000 0.00000 0.00000 0.00000 1.1726 2.1618e+04 2.6040e+04 0 0.0000e+00 0.0000e+00 0.0000e+00
204 -1 3.4524e+04 1.46 1.82 0.809 0.222 93 0.48546 0.48190 0.50640 -5.93 -6.93 -9.07 -3.378e-01 -8.166e-03 -3.022e-02 0.04046 0.22215 3.9084e+04 3.2570e+04 3.2570e+04 0.0000e+00 0.0000e+00 16.11795 0.44 0.06647 0.61364 0.53045 0.14361 0.15827 0.18564 0.00000 0.00000 0.00000 0.00000 0.00000 1.2794 2.8462e+04 3.5805e+04 0 0.0000e+00 0.0000e+00 0.0000e+00
205 -1 1.5634e+04 1.12 1.40 0.622 0.161 38 0.48579 0.48208 0.50723 -4.02 -2.96 -9.11 -1.090e-01 -1.297e-01 4.436e-02 0.07514 0.16101 2.0193e+04 1.5634e+04 1.5634e+04 0.0000e+00 0.0000e+00 35.44775 0.32 0.12852 0.82567 0.46968 0.24621 0.00491 -0.02310 0.00000 0.00000 0.00000 0.00000 0.00000 1.2941 1.3792e+04 1.5624e+04 0 0.0000e+00 0.0000e+00 0.0000e+00
206 -1 1.3028e+04 1.04 1.27 0.585 0.175 56 0.48454 0.48221 0.50965 -6.76 -1.52 -5.29 -2.345e-02 3.770e-02 -1.649e-01 0.17839 0.17453 1.6936e+04 1.1074e+04 1.1074e+04 0.0000e+00 0.0000e+00 42.52306 0.61 0.16979 0.40019 0.35399 0.06374 0.16706 0.10139 0.00000 0.00000 0.00000 0.00000 0.00000 1.9609 1.0987e+04 1.4322e+04 0 0.0000e+00 0.0000e+00 0.0000e+00
207 -1 5.4066e+04 1.69 2.36 0.940 0.266 176 0.48697 0.48189 0.50858 -1.26 -2.32 -7.44 6.689e-01 5.652e-01 -9.098e-01 0.08774 0.26627 6.2535e+04 5.2764e+04 5.2764e+04 3.1919e+04 0.0000e+00 10.51450 0.25 0.11716 0.79548 0.29471 0.25399 -0.15856 -0.08901 0.38913 0.28905 -0.03958 0.11433 0.17803 1.3843 4.5807e+04 5.9892e+04 0 0.0000e+00 0.0000e+00 0.0000e+00
0 -1 1.3679e+04 1.06 1.07 0.594 0.187 155 0.52026 0.44386 0.54908 -0.08 0.28 -3.08 5.918e-02 -7.153e-02 -7.963e-02 0.04276 0.18656 1.6285e+04 9.7710e+03 9.7710e+03 0.0000e+00 0.0000e+00 41.81253 0.31 0.11212 0.02116 0.00000 0.38314 -0.21321 0.21949 0.00000 0.00000 0.00000 0.00000 0.00000 1.1354 2.0222e+04 1.9530e+04 0 0.0000e+00 0.0000e+00 0.0000e+00
1 -1 5.0660e+06 7.74 8.04 4.269 1.165 7946 0.52527 0.44950 0.55036 -4.05 1.44 1.22 2.586e+02 4.819e+00 5.750e+02 0.02651 1.07339 5.1116e+06 4.8914e+06 4.8894e+06 3.1026e+06 1.3940e+06 0.18172 0.71 0.03026 0.75504 0.68977 0.35014 0.55601 -0.06403 0.88668 0.82816 0.28888 0.41323 -0.03658 0.5979 4.1553e+06 5.2985e+06 0 0.0000e+00 0.0000e+00 0.0000e+00
2 -1 1.0422e+04 1.00 1.75 0.543 0.115 26 0.52515 0.44954 0.55054 -3.87 2.07 2.43 1.848e-03 1.021e-02 -5.173e-03 0.02571 0.11454 1.6936e+04 1.0422e+04 1.0422e+04 0.0000e+00 0.0000e+00 55.24495 0.36 0.01672 0.79120 0.44888 0.01355 0.04788 -0.00534 0.00000 0.00000 0.00000 0.00000 0.00000 3.1513 4.2986e+04 1.0416e+04 0 0.0000e+00 0.0000e+00 0.0000e+00
3 -1 1.0292e+05 2.06 1.98 1.165 1.063 334 0.52806 0.44848 0.55099 -13.52 1.90 -0.85 -1.484e+00 -3.444e+00 -2.710e+00 0.09989 0.42346 1.0422e+05 9.1196e+04 9.0545e+04 3.8433e+04 0.0000e+00 5.54831 0.13 0.14681 0.32694 0.13629 0.36592 -0.13706 -0.12902 0.31255 0.09726 0.24540 -0.13123 -0.08803 0.6690 9.4942e+04 1.7252e+05 0 0.0000e+00 0.0000e+00 0.0000e+00
4 -1 2.1496e+04 1.21 1.18 0.691 0.298 57 0.53131 0.44999 0.55168 -11.16 0.51 3.52 1.957e-02 4.226e-02 6.391e-02 0.01546 0.29808 2.4753e+04 1.6285e+04 1.6285e+04 0.0000e+00 0.0000e+00 26.85572 0.54 0.03413 0.77389 0.22204 0.25962 -0.07078 0.09977 0.00000 0.00000 0.00000 0.00000 0.00000 0.8258 2.0478e+04 3.5805e+04 0 0.0000e+00 0.0000e+00 0.0000e+00
5 -1 1.1725e+04 1.07 1.78 0.565 0.104 25 0.53707 0.44942 0.55277 -9.92 -6.43 0.74 -4.330e-02 -4.480e-03 -6.033e-02 0.11750 0.10354 1.6285e+04 1.1725e+04 1.1725e+04 0.0000e+00 0.0000e+00 49.56174 0.28 0.08818 0.49343 0.28936 -0.03454 0.08701 0.06737 0.00000 0.00000 0.00000 0.00000 0.00000 2.4719 2.4633e+04 1.1718e+04 0 0.0000e+00 0.0000e+00 0.0000e+00
6 -1 7.2892e+05 4.73 5.15 2.237 0.192 1697 0.53705 0.44986 0.55248 -9.38 -6.02 0.54 1.414e+01 -1.280e+00 -8.871e+01 0.07499 0.22455 9.7385e+05 7.1654e+05 7.1654e+05 5.6998e+05 3.0942e+05 0.81782 1.20 0.10914 0.90570 0.59340 -0.16787 0.31712 -0.16475 0.75815 0.53722 0.03633 0.33754 -0.12104 0.7939 7.0647e+05 3.5675e+05 0 0.0000e+00 0.0000e+00 0.0000e+00
7 -1 1.2377e+04 1.06 1.14 0.575 0.123 27 0.47906 0.44859 0.53644 -5.77 4.41 -0.23 2.431e-02 1.244e-02 -8.228e-03 0.01222 0.12297 1.4982e+04 1.2377e+04 1.2377e+04 0.0000e+00 0.0000e+00 44.62014 0.45 0.03090 0.92558 0.61096 0.17439 0.08203 -0.04897 0.00000 0.00000 0.00000 0.00000 0.00000 1.1515 1.1447e+04 1.1718e+04 0 0.0000e+00 0.0000e+00 0.0000e+00
8 -1 1.5510e+06 5.25 5.16 2.877 0.693 2265 0.47528 0.44698 0.54134 -1.70 2.21 -5.54 5.472e+01 8.444e+01 2.137e+01 0.02919 0.67763 1.5608e+06 1.5236e+06 1.5230e+06 9.4323e+05 1.8630e+05 0.51431 2.34 0.03550 0.67938 0.45392 0.55643 0.29600 -0.06554 0.72177 0.47363 0.15432 0.35600 0.22271 0.6047 1.3164e+06 1.5292e+06 0 0.0000e+00 0.0000e+00 0.0000e+00
9 -1 8.4682e+03 0.91 1.15 0.507 0.148 67 0.47887 0.44655 0.53730 -5.62 4.19 0.79 -1.442e-02 7.607e-02 -1.001e-01 0.24214 0.14848 1.4982e+04 0.0000e+00 0.0000e+00 0.0000e+00 0.0000e+00 65.24200 0.29 0.25800 0.11569 0.06109 -0.21818 0.21851 -0.02736 0.00000 0.00000 0.00000 0.00000 0.00000 2.0397 1.4295e+04 1.0416e+04 0 0.0000e+00 0.0000e+00 0.0000e+00
10 -1 6.0580e+04 1.80 1.62 0.976 0.213 166 0.47736 0.44845 0.54060 -8.63 6.30 -3.83 2.310e-01 7.506e-01 -3.480e-01 0.05176 0.21262 6.5140e+04 6.0580e+04 6.0580e+04 3.9084e+04 0.0000e+00 9.23975 0.18 0.06593 0.42098 0.24704 0.29765 -0.04403 -0.11747 0.57242 0.30129 0.23115 -0.01904 -0.06178 0.5914 5.1918e+04 5.5335e+04 0 0.0000e+00 0.0000e+00 0.0000e+00
11 -1 4.5598e+04 1.62 1.86 0.888 0.213 154 0.47613 0.44800 0.54123 -8.70 6.09 -3.69 1.072e-01 2.967e-01 -2.136e-01 0.02087 0.21252 6.1232e+04 4.4947e+04 4.4295e+04 2.6056e+04 0.0000e+00 12.12659 0.82 0.04695 0.47677 0.18645 0.21971 -0.19268 0.08027 0.58939 0.12940 -0.11129 0.14556 -0.11320 1.1292 4.4779e+04 4.4919e+04 0 0.0000e+00 0.0000e+00 0.0000e+00
12 -1 1.1725e+04 1.07 0.89 0.565 0.104 32 0.48015 0.44755 0.53665 -5.35 3.71 0.45 4.304e-02 9.610e-03 2.643e-02 0.07187 0.10354 2.0845e+04 1.1725e+04 1.1725e+04 0.0000e+00 0.0000e+00 47.11750 1.58 0.06094 0.64942 0.28616 -0.12786 0.15357 -0.03399 0.00000 0.00000 0.00000 0.00000 0.00000 2.2029 1.3695e+04 1.1067e+04 0 0.0000e+00 0.0000e+00 0.0000e+00
13 -1 5.6802e+05 3.62 2.86 2.059 1.819 1038 0.48018 0.44723 0.53765 -5.95 4.83 0.90 -1.050e+01 5.878e+00 8.452e+00 0.02466 0.80099 5.8105e+05 5.1852e+05 5.1852e+05 1.8956e+05 0.0000e+00 1.15673 0.67 0.02708 0.85544 0.52577 -0.32387 -0.04344 0.42029 0.83441 0.47231 0.30913 -0.14154 -0.08355 0.4392 4.8188e+05 7.6818e+05 0 0.0000e+00 0.0000e+00 0.0000e+00
14 -1 6.1232e+04 1.74 1.21 0.980 0.328 166 0.51787 0.44841 0.51577 -8.33 2.61 4.28 -4.123e-01 8.892e-01 1.935e-01 0.07233 0.32839 6.3186e+04 5.7975e+04 5.7975e+04 2.8662e+04 0.0000e+00 9.15741 0.05 0.07533 0.59935 0.22945 0.04564 0.31354 0.04108 0.74052 0.22055 -0.00521 0.22550 0.04947 0.3413 5.4483e+04 8.0073e+04 0 0.0000e+00 0.0000e+00 0.0000e+00
15 -1 4.9507e+04 1.65 1.31 0.913 0.232 79 0.51861 0.44960 0.51445 -7.32 3.60 2.87 4.206e-01 -5.126e-01 4.155e-01 0.07015 0.23194 5.0809e+04 4.4295e+04 4.4295e+04 0.0000e+00 0.0000e+00 11.29993 0.18 0.08408 0.46558 0.30563 0.06858 0.33888 0.17521 0.00000 0.00000 0.00000 0.00000 0.00000 0.4967 4.0995e+04 4.9476e+04 0 0.0000e+00 0.0000e+00 0.0000e+00
16 -1 3.1658e+05 2.98 3.03 1.694 1.689 810 0.51892 0.44994 0.51583 -8.11 2.25 3.13 6.225e+00 -1.405e+00 -2.747e+00 0.02086 0.66936 3.1658e+05 2.8466e+05 2.8466e+05 3.7130e+04 0.0000e+00 2.00558 0.36 0.03389 0.92045 0.42678 0.25929 0.25031 0.42154 0.40696 0.21506 -0.11276 0.04371 0.20691 0.7273 3.4934e+05 1.0162e+06 0 0.0000e+00 0.0000e+00 0.0000e+00
17 -1 1.0422e+04 1.00 1.22 0.543 0.122 350 0.45376 0.47290 0.51124 6.60 -4.13 9.73 -1.231e-02 1.050e-02 1.458e-02 0.00923 0.12242 1.0422e+04 1.0422e+04 1.0422e+04 0.0000e+00 0.0000e+00 51.93037 0.78 0.03142 0.40660 0.19834 0.15325 -0.03477 0.17068 0.00000 0.00000 0.00000 0.00000 0.00000 1.0949 1.4731e+05 9.1140e+03 0 0.0000e+00 0.0000e+00 0.0000e+00
18 -1 8.4682e+03 0.91 1.26 0.507 0.148 65 0.45425 0.47515 0.51268 5.79 -2.33 10.44 -3.238e-02 6.651e-02 -7.089e-03 0.07830 0.14848 8.4682e+03 0.0000e+00 0.0000e+00 0.0000e+00 0.0000e+00 64.08463 0.94 0.15149 0.41126 0.12485 -0.07821 -0.10159 0.13168 0.00000 0.00000 0.00000 0.00000 0.00000 1.3296 8.5472e+03 1.0416e+04 0 0.0000e+00 0.0000e+00 0.0000e+00
19 -1 7.1003e+04 1.82 1.01 1.029 0.635 477 0.45937 0.45371 0.53513 -2.56 1.31 -6.31 1.803e-01 -3.481e-01 2.329e-01 0.02807 0.37712 7.6866e+04 6.5140e+04 6.5140e+04 3.0616e+04 0.0000e+00 7.76104 0.07 0.02687 0.69894 0.29378 0.30884 -0.05403 -0.03194 0.72972 0.50681 0.12103 -0.01562 0.15534 0.2138 1.5248e+05 1.8163e+05 0 0.0000e+00 0.0000e+00 0.0000e+00
20 -1 1.8239e+04 1.15 0.64 0.654 0.284 168 0.46233 0.44989 0.53561 -3.73 0.68 -5.32 -5.169e-02 -6.357e-02 -5.161e-02 0.04946 0.28391 1.8239e+04 1.4982e+04 1.4982e+04 0.0000e+00 0.0000e+00 29.95340 0.23 0.05496 0.40186 0.04183 0.07416 -0.21483 0.28235 0.00000 0.00000 0.00000 0.00000 0.00000 0.2482 4.7931e+04 4.1664e+04 0 0.0000e+00 0.0000e+00 0.0000e+00
21 -1 1.3679e+04 1.05 0.73 0.594 0.237 238 0.46442 0.45182 0.53810 -3.93 0.66 -4.89 -9.530e-02 -2.379e-02 -3.357e-02 0.07347 0.23732 1.3679e+04 1.1074e+04 1.1074e+04 0.0000e+00 0.0000e+00 40.08528 0.30 0.09515 0.47341 0.38791 -0.15708 0.20800 -0.17977 0.00000 0.00000 0.00000 0.00000 0.00000 0.4014 4.3726e+04 2.4738e+04 0 0.0000e+00 0.0000e+00 0.0000e+00
22 -1 9.7710e+03 0.93 1.14 0.531 0.218 78 0.43058 0.47159 0.53960 0.07 -13.17 -1.81 3.103e-02 9.151e-02 4.508e-02 0.07021 0.21810 9.7710e+03 0.0000e+00 0.0000e+00 0.0000e+00 0.0000e+00 55.75058 0.89 0.17125 0.44316 0.07983 -0.17890 -0.01617 0.18303 0.00000 0.00000 0.00000 0.00000 0.00000 0.8056 5.2402e+04 1.6275e+04 0 0.0000e+00 0.0000e+00 0.0000e+00
23 -1 9.1196e+03 0.94 1.13 0.519 0.133 164 0.44774 0.48337 0.53530 1.75 -12.12 -1.29 -1.579e-03 4.463e-02 3.656e-02 0.04331 0.13276 9.1196e+03 9.1196e+03 9.1196e+03 0.0000e+00 0.0000e+00 60.60218 0.88 0.10400 0.08848 0.03966 0.18267 0.07751 -0.14759 0.00000 0.00000 0.00000 0.00000 0.00000 0.7951 1.5558e+04 9.1140e+03 0 0.0000e+00 0.0000e+00 0.0000e+00
24 -1 8.9242e+04 1.96 1.28 1.111 0.843 658 0.49997 0.45171 0.52197 -6.99 5.28 1.18 2.227e-01 -2.961e-01 2.581e-01 0.01866 0.41987 8.9242e+04 8.4031e+04 8.4031e+04 4.2341e+04 0.0000e+00 6.22119 0.08 0.01817 0.63570 0.30860 0.00708 -0.21856 0.31202 0.52076 0.42572 0.04763 -0.15251 0.21545 0.2785 1.5900e+05 3.4633e+05 0 0.0000e+00 0.0000e+00 0.0000e+00
25 -1 8.4682e+03 0.90 1.02 0.507 0.152 62 0.48950 0.45011 0.53727 -6.50 1.57 -1.94 2.002e-02 3.040e-02 -2.417e-03 0.03117 0.15205 8.4682e+03 0.0000e+00 0.0000e+00 0.0000e+00 0.0000e+00 65.70531 0.54 0.07437 0.59732 0.46935 0.03788 0.20875 -0.02206 0.00000 0.00000 0.00000 0.00000 0.00000 1.2169 1.0616e+04 9.1140e+03 0 0.0000e+00 0.0000e+00 0.0000e+00
26 -1 1.4070e+05 2.27 3.25 1.293 1.215 408 0.45672 0.50888 0.54563 -1.16 -11.08 -3.58 8.484e+00 -2.481e+00 -1.312e+00 0.17400 0.51404 2.1822e+05 1.2702e+05 1.2637e+05 4.1690e+04 0.0000e+00 3.51825 1.55 0.16838 0.46566 0.15694 -0.12530 -0.03493 0.36500 0.16538 0.10041 -0.13167 -0.06213 0.17367 1.7057 1.6033e+05 2.9686e+05 0 0.0000e+00 0.0000e+00 0.0000e+00
27 -1 8.9894e+04 2.01 3.22 1.114 0.922 161 0.45794 0.51082 0.54640 -0.20 -8.97 -3.94 8.392e-01 7.533e-01 2.836e+00 0.13806 0.29515 8.9894e+04 8.7939e+04 8.7939e+04 4.0387e+04 0.0000e+00 6.63000 0.22 0.12137 0.67910 0.48127 0.10730 0.28602 -0.15979 0.87107 0.51637 0.18852 -0.00588 0.11589 1.8919 8.0003e+04 1.3671e+05 0 0.0000e+00 0.0000e+00 0.0000e+00
28 -1 9.7710e+03 0.97 0.75 0.531 0.122 50 0.50587 0.44775 0.54742 -1.87 0.48 -3.78 -3.190e-02 1.742e-02 9.915e-03 0.03191 0.12228 9.7710e+03 9.7710e+03 9.7710e+03 0.0000e+00 0.0000e+00 57.98943 0.28 0.06050 0.38443 0.10854 -0.00227 -0.17083 0.21813 0.00000 0.00000 0.00000 0.00000 0.00000 0.6840 1.1584e+04 9.7650e+03 0 0.0000e+00 0.0000e+00 0.0000e+00
29 -1 2.4102e+04 1.28 1.03 0.718 0.221 570 0.51038 0.44852 0.54940 -1.69 0.18 -1.89 -3.997e-02 3.473e-03 -1.210e-01 0.03389 0.22137 2.4102e+04 2.3450e+04 2.3450e+04 0.0000e+00 0.0000e+00 23.61523 0.07 0.04547 0.03868 0.02149 0.32793 0.11781 -0.03394 0.00000 0.00000 0.00000 0.00000 0.00000 0.5362 1.2015e+05 3.6456e+04 0 0.0000e+00 0.0000e+00 0.0000e+00
30 -1 1.3028e+04 1.04 1.13 0.585 0.195 220 0.52596 0.46705 0.55025 -7.16 -10.25 -2.64 4.496e-02 -3.694e-02 -2.829e-02 0.02512 0.19497 1.3028e+04 1.1725e+04 1.1725e+04 0.0000e+00 0.0000e+00 44.66995 0.64 0.06434 0.13896 0.02016 0.15437 -0.09269 0.16965 0.00000 0.00000 0.00000 0.00000 0.00000 0.8481 4.8869e+04 1.7577e+04 0 0.0000e+00 0.0000e+00 0.0000e+00
31 -1 7.8168e+03 0.87 0.75 0.493 0.180 57 0.48895 0.44522 0.54467 -4.89 0.88 -4.76 -1.657e-02 1.413e-02 -3.172e-02 0.05733 0.17975 7.8168e+03 0.0000e+00 0.0000e+00 0.0000e+00 0.0000e+00 71.40164 0.57 0.08964 0.46483 0.40451 0.15569 0.01222 -0.05296 0.00000 0.00000 0.00000 0.00000 0.00000 0.4699 9.9210e+03 1.0416e+04 0 0.0000e+00 0.0000e+00 0.0000e+00
32 -1 7.8168e+03 0.87 1.07 0.493 0.180 157 0.49378 0.44613 0.54382 -4.37 1.16 -5.84 -7.176e-02 -5.454e-03 -5.157e-02 0.11824 0.17975 7.8168e+03 0.0000e+00 0.0000e+00 0.0000e+00 0.0000e+00 71.63384 0.62 0.20630 0.23251 0.06831 -0.14593 0.27912 0.17515 0.00000 0.00000 0.00000 0.00000 0.00000 1.4258 4.9037e+04 1.4973e+04 0 0.0000e+00 0.0000e+00 0.0000e+00
33 -1 9.7710e+03 0.95 1.34 0.531 0.148 158 0.49606 0.44652 0.54470 -4.54 1.01 -5.24 -4.563e-03 -3.724e-02 7.816e-03 0.06087 0.14763 9.7710e+03 9.7710e+03 9.7710e+03 0.0000e+00 0.0000e+00 57.41436 0.47 0.06156 0.54779 0.17570 -0.18521 0.21217 0.06739 0.00000 0.00000 0.00000 0.00000 0.00000 2.1152 3.3964e+04 1.1718e+04 0 0.0000e+00 0.0000e+00 0.0000e+00
34 -1 4.1690e+04 1.52 0.89 0.862 0.316 87 0.45995 0.49591 0.53194 0.91 -12.27 -1.87 -2.499e-02 -1.215e-01 -8.078e-02 0.02059 0.31639 4.2341e+04 3.7781e+04 3.7781e+04 0.0000e+00 0.0000e+00 13.42839 0.17 0.02118 0.39159 0.15960 0.21795 0.26045 0.15809 0.00000 0.00000 0.00000 0.00000 0.00000 0.2617 3.7719e+04 5.4684e+04 0 0.0000e+00 0.0000e+00 0.0000e+00
35 -1 5.4718e+04 1.69 1.00 0.944 0.271 348 0.46126 0.49666 0.53210 1.18 -11.69 -2.30 5.804e-02 5.260e-02 2.041e-01 0.01986 0.27133 5.4718e+04 5.2112e+04 5.2112e+04 0.0000e+00 0.0000e+00 10.38564 0.14 0.01988 0.57712 0.32176 -0.16209 0.19408 -0.21657 0.00000 0.00000 0.00000 0.00000 0.00000 0.2652 1.2725e+05 7.0308e+04 0 0.0000e+00 0.0000e+00 0.0000e+00
36 -1 3.4524e+04 1.43 1.45 0.809 0.275 260 0.54636 0.43899 0.52932 -2.99 3.08 1.93 -1.135e-01 -2.879e-01 -1.261e-01 0.02621 0.27471 3.4524e+04 2.8010e+04 2.8010e+04 0.0000e+00 0.0000e+00 16.53746 0.09 0.06548 0.47642 0.09643 0.26555 -0.25552 -0.07157 0.00000 0.00000 0.00000 0.00000 0.00000 0.8672 8.2667e+04 5.5986e+04 0 0.0000e+00 0.0000e+00 0.0000e+00
37 -1 3.1919e+04 1.41 0.91 0.788 0.241 252 0.47881 0.50471 0.53407 -2.91 -10.02 -6.07 1.140e-01 1.263e-02 -2.644e-02 0.02422 0.24105 3.1919e+04 3.0616e+04 3.0616e+04 0.0000e+00 0.0000e+00 17.87102 0.25 0.02629 0.59559 0.26911 -0.08938 0.27452 -0.10647 0.00000 0.00000 0.00000 0.00000 0.00000 0.3283 4.1790e+04 4.0362e+04 0 0.0000e+00 0.0000e+00 0.0000e+00
38 -1 2.0193e+04 1.22 0.69 0.677 0.180 235 0.44772 0.44541 0.55007 -3.43 3.59 -4.62 -8.926e-02 9.163e-02 5.615e-02 0.06148 0.18015 2.0193e+04 1.9542e+04 1.9542e+04 0.0000e+00 0.0000e+00 26.97736 0.22 0.06691 0.92554 0.24579 0.27082 0.01679 0.06084 0.00000 0.00000 0.00000 0.00000 0.00000 0.2502 5.3145e+04 2.2134e+04 0 0.0000e+00 0.0000e+00 0.0000e+00
39 -1 7.8168e+03 0.87 1.16 0.493 0.180 135 0.47908 0.45495 0.52907 -6.60 5.48 0.13 -3.055e-02 -6.208e-03 2.722e-02 0.06097 0.17975 7.8168e+03 0.0000e+00 0.0000e+00 0.0000e+00 0.0000e+00 70.49983 0.72 0.09643 0.53162 0.39639 0.18023 -0.13005 -0.10459 0.00000 0.00000 0.00000 0.00000 0.00000 1.5182 1.6045e+04 1.1067e+04 0 0.0000e+00 0.0000e+00 0.0000e+00
40 -1 2.1496e+04 1.22 0.65 0.691 0.241 167 0.49821 0.45804 0.51625 -9.80 2.73 -0.02 6.853e-03 2.439e-02 1.902e-02 0.01293 0.24125 2.1496e+04 1.7588e+04 1.7588e+04 0.0000e+00 0.0000e+00 25.83473 0.31 0.01367 0.51363 0.15238 -0.07653 0.22638 -0.11073 0.00000 0.00000 0.00000 0.00000 0.00000 0.1901 3.5356e+04 3.1248e+04 0 0.0000e+00 0.0000e+00 0.0000e+00
41 -1 9.1196e+03 0.92 0.93 0.519 0.165 164 0.42288 0.46176 0.54267 -1.09 -11.94 -0.95 -9.876e-03 -7.237e-03 2.344e-02 0.03758 0.16498 9.1196e+03 0.0000e+00 0.0000e+00 0.0000e+00 0.0000e+00 59.25343 0.86 0.04765 0.07059 0.04064 0.35428 -0.04484 0.18540 0.00000 0.00000 0.00000 0.00000 0.00000 0.2606 3.7716e+04 1.6275e+04 0 0.0000e+00 0.0000e+00 0.0000e+00
42 -1 2.4102e+04 1.34 0.63 0.718 0.144 114 0.51576 0.45003 0.55317 -0.13 -0.14 -4.81 -5.438e-02 -8.024e-02 7.193e-03 0.03539 0.14439 2.4102e+04 2.2799e+04 2.2799e+04 0.0000e+00 0.0000e+00 23.76188 0.13 0.03467 0.31676 0.05893 0.04956 0.24126 0.02603 0.00000 0.00000 0.00000 0.00000 0.00000 0.1724 2.2768e+04 2.1483e+04 0 0.0000e+00 0.0000e+00 0.0000e+00
43 -1 9.1196e+03 0.92 1.70 0.519 0.185 56 0.49008 0.49192 0.51752 -8.46 -16.48 -6.17 -9.858e-03 1.847e-02 2.891e-02 0.04391 0.18486 9.1196e+03 0.0000e+00 0.0000e+00 0.0000e+00 0.0000e+00 61.83299 1.39 0.06433 0.84970 0.01898 0.15664 -0.01491 0.20067 0.00000 0.00000 0.00000 0.00000 0.00000 1.5507 1.1922e+04 1.4322e+04 0 0.0000e+00 0.0000e+00 0.0000e+00
44 -1 7.8168e+03 0.87 1.26 0.493 0.181 95 0.46388 0.47245 0.51144 10.11 -5.32 9.08 6.741e-03 4.330e-02 -2.041e-02 0.07708 0.18108 7.8168e+03 0.0000e+00 0.0000e+00 0.0000e+00 0.0000e+00 69.69489 1.22 0.11264 0.08143 0.00000 0.28986 0.12939 -0.01792 0.00000 0.00000 0.00000 0.00000 0.00000 0.3931 1.5403e+04 1.4322e+04 0 0.0000e+00 0.0000e+00 0.0000e+00
45 -1 7.8168e+03 0.87 1.01 0.493 0.180 86 0.51047 0.45352 0.51395 -6.62 3.72 3.42 4.666e-02 2.865e-02 1.809e-02 0.01604 0.17975 7.8168e+03 0.0000e+00 0.0000e+00 0.0000e+00 0.0000e+00 71.23408 0.69 0.13436 0.89636 0.20028 0.12090 -0.10929 -0.03643 0.00000 0.00000 0.00000 0.00000 0.00000 1.0185 1.1761e+04 1.1718e+04 0 0.0000e+00 0.0000e+00 0.0000e+00
46 -1 8.4682e+03 0.90 0.99 0.507 0.165 77 0.46950 0.44900 0.54452 -4.48 -5.70 -7.18 2.281e-02 -1.225e-02 3.409e-02 0.04413 0.16503 8.4682e+03 0.0000e+00 0.0000e+00 0.0000e+00 0.0000e+00 65.23601 0.78 0.08727 0.15757 0.01105 -0.01784 0.22979 -0.18221 0.00000 0.00000 0.00000 0.00000 0.00000 0.6845 8.7189e+03 1.1067e+04 0 0.0000e+00 0.0000e+00 0.0000e+00
47 -1 7.8168e+03 0.87 0.99 0.493 0.194 57 0.49839 0.44757 0.51084 -5.99 6.48 4.46 2.626e-02 1.266e-02 -1.815e-03 0.03940 0.19380 7.8168e+03 0.0000e+00 0.0000e+00 0.0000e+00 0.0000e+00 70.24039 0.82 0.06807 0.40274 0.08862 0.05196 0.30903 -0.01726 0.00000 0.00000 0.00000 0.00000 0.00000 0.5657 8.3063e+03 1.1067e+04 0 0.0000e+00 0.0000e+00 0.0000e+00
48 -1 8.4682e+03 0.89 1.38 0.507 0.194 29 0.45758 0.47533 0.51324 6.51 -1.85 11.02 -1.079e-01 3.059e-03 -4.072e-03 0.15637 0.19418 1.0422e+04 0.0000e+00 0.0000e+00 0.0000e+00 0.0000e+00 64.22746 1.04 0.22023 0.00000 0.00000 -0.16257 0.43750 0.07105 0.00000 0.00000 0.00000 0.00000 0.00000 1.6231 7.8069e+03 1.1718e+04 0 0.0000e+00 0.0000e+00 0.0000e+00
49 -1 3.4915e+05 3.23 2.44 1.750 0.409 745 0.42920 0.44605 0.53891 -2.95 3.60 -3.66 -1.432e+01 -1.016e+01 1.131e+01 0.08631 0.37896 3.4980e+05 3.4134e+05 3.4134e+05 2.1236e+05 0.0000e+00 1.29163 0.52 0.08652 0.43909 0.37662 -0.09490 0.39505 0.33370 0.40230 0.21580 -0.03858 0.28934 0.25341 0.3965 2.9485e+05 3.3592e+05 0 0.0000e+00 0.0000e+00 0.0000e+00
50 -1 8.4682e+03 0.91 1.05 0.507 0.148 26 0.43054 0.44337 0.53652 -2.01 4.64 -2.11 -1.006e-02 1.985e-02 1.106e-02 0.03385 0.14848 9.1196e+03 0.0000e+00 0.0000e+00 0.0000e+00 0.0000e+00 62.97723 0.39 0.05067 0.74834 0.68716 -0.04555 0.22521 0.05832 0.00000 0.00000 0.00000 0.00000 0.00000 1.5384 7.2591e+03 8.4630e+03 0 0.0000e+00 0.0000e+00 0.0000e+00
51 -1 8.4682e+03 0.90 1.32 0.507 0.160 36 0.41291 0.45207 0.54589 -2.29 -1.09 -2.19 -2.738e-02 -1.596e-02 -1.681e-02 0.08522 0.16043 8.4682e+03 0.0000e+00 0.0000e+00 0.0000e+00 0.0000e+00 63.01973 0.26 0.07314 0.38043 0.16830 0.17888 -0.11245 0.06647 0.00000 0.00000 0.00000 0.00000 0.00000 2.6754 1.3004e+04 1.2369e+04 0 0.0000e+00 0.0000e+00 0.0000e+00
52 -1 1.1074e+04 1.01 1.65 0.554 0.137 77 0.41438 0.45233 0.54492 -1.87 -1.71 -2.54 -7.981e-02 -2.955e-03 -2.701e-02 0.15509 0.13743 1.3679e+04 1.1074e+04 1.1074e+04 0.0000e+00 0.0000e+00 48.28314 0.31 0.10993 0.80413 0.77122 0.19918 0.10551 -0.06047 0.00000 0.00000 0.00000 0.00000 0.00000 3.1128 1.3314e+04 1.1067e+04 0 0.0000e+00 0.0000e+00 0.0000e+00
53 -1 1.2377e+04 1.09 1.12 0.575 0.100 61 0.42160 0.45207 0.53946 -1.00 -4.13 -3.21 -5.202e-02 2.905e-02 7.244e-02 0.04308 0.10035 1.3028e+04 1.2377e+04 1.2377e+04 0.0000e+00 0.0000e+00 43.19386 0.28 0.10159 0.53199 0.51409 0.19104 0.08395 -0.12482 0.00000 0.00000 0.00000 0.00000 0.00000 1.1767 1.1844e+04 9.7650e+03 0 0.0000e+00 0.0000e+00 0.0000e+00
54 -1 2.1496e+04 1.22 1.65 0.691 0.271 73 0.42253 0.45322 0.53889 -0.57 -1.83 -2.73 -1.514e-02 1.565e-01 -3.268e-02 0.05800 0.27050 2.3450e+04 1.8891e+04 1.8891e+04 0.0000e+00 0.0000e+00 24.86091 0.04 0.06929 0.60676 0.39680 0.18626 -0.16271 -0.12316 0.00000 0.00000 0.00000 0.00000 0.00000 1.6025 3.1815e+04 3.7107e+04 0 0.0000e+00 0.0000e+00 0.0000e+00
55 -1 2.7359e+04 1.32 1.85 0.749 0.317 229 0.42134 0.45321 0.53976 -0.72 -1.31 -2.45 1.892e-01 2.635e-01 1.483e-01 0.09866 0.31691 3.1267e+04 2.4102e+04 2.4102e+04 0.0000e+00 0.0000e+00 19.55849 0.34 0.10299 0.18365 0.04229 0.32249 0.18871 -0.19482 0.00000 0.00000 0.00000 0.00000 0.00000 1.7648 9.9345e+04 6.5100e+04 0 0.0000e+00 0.0000e+00 0.0000e+00
56 -1 1.1725e+04 1.03 1.25 0.565 0.140 186 0.41969 0.45214 0.54096 -1.14 -3.91 -2.89 7.599e-02 -4.300e-02 -3.076e-02 0.08520 0.14022 1.1725e+04 1.1725e+04 1.1725e+04 0.0000e+00 0.0000e+00 45.56582 0.28 0.10973 0.79477 0.28574 -0.07471 -0.08631 0.16629 0.00000 0.00000 0.00000 0.00000 0.00000 1.6257 2.0671e+04 1.1718e+04 0 0.0000e+00 0.0000e+00 0.0000e+00
57 -1 9.7710e+03 0.96 1.08 0.531 0.134 57 0.41975 0.45292 0.54110 -0.96 -1.68 -2.45 1.476e-02 6.267e-02 4.094e-02 0.07976 0.13397 1.1074e+04 9.7710e+03 9.7710e+03 0.0000e+00 0.0000e+00 54.76554 0.17 0.12254 0.16960 0.04679 -0.09389 0.26451 0.04107 0.00000 0.00000 0.00000 0.00000 0.00000 1.4744 8.6893e+03 9.7650e+03 0 0.0000e+00 0.0000e+00 0.0000e+00
58 -1 1.8891e+04 1.20 1.97 0.662 0.167 46 0.42360 0.45344 0.53839 -0.50 -1.54 -2.86 3.207e-01 2.223e-01 -2.382e-01 0.32944 0.16652 2.2148e+04 1.8891e+04 1.8891e+04 0.0000e+00 0.0000e+00 28.35318 0.11 0.24472 0.59132 0.15306 -0.12749 0.19683 0.03432 0.00000 0.00000 0.00000 0.00000 0.00000 2.6192 2.1129e+04 1.8879e+04 0 0.0000e+00 0.0000e+00 0.0000e+00
59 -1 8.4682e+03 0.91 1.24 0.507 0.148 42 0.42404 0.45322 0.53799 -0.44 -1.82 -2.90 1.287e-03 -2.474e-02 -3.183e-02 0.07500 0.14848 1.1074e+04 0.0000e+00 0.0000e+00 0.0000e+00 0.0000e+00 63.15686 0.33 0.08223 0.26191 0.13818 -0.10503 0.20631 0.01496 0.00000 0.00000 0.00000 0.00000 0.00000 1.8211 7.6713e+03 9.1140e+03 0 0.0000e+00 0.0000e+00 0.0000e+00
60 -1 1.9542e+04 1.18 1.44 0.670 0.265 85 0.42464 0.45443 0.53819 1.71 -0.14 0.93 1.366e-01 -2.104e-01 -1.370e-01 0.09788 0.26535 2.5405e+04 1.4982e+04 1.4982e+04 0.0000e+00 0.0000e+00 27.35032 0.10 0.14460 0.77922 0.00701 0.20601 0.11408 0.08376 0.00000 0.00000 0.00000 0.00000 0.00000 1.4114 2.0871e+04 3.1899e+04 0 0.0000e+00 0.0000e+00 0.0000e+00
61 -1 1.8891e+04 1.24 0.67 0.662 0.131 82 0.42764 0.44983 0.53800 -2.49 2.39 -4.28 1.872e-02 3.393e-02 4.979e-02 0.03158 0.13078 1.8891e+04 1.8891e+04 1.8891e+04 0.0000e+00 0.0000e+00 28.32289 0.19 0.03378 0.87379 0.33524 0.10058 0.06365 0.24358 0.00000 0.00000 0.00000 0.00000 0.00000 0.2610 3.1174e+04 1.5624e+04 0 0.0000e+00 0.0000e+00 0.0000e+00
62 -1 2.8727e+05 2.88 3.50 1.640 1.608 1163 0.42797 0.45228 0.53684 -2.29 -0.24 -3.96 -1.917e+01 -8.685e+00 5.949e+00 0.03576 0.70789 3.0746e+05 2.4428e+05 2.4428e+05 6.5140e+04 0.0000e+00 1.87831 0.34 0.12545 0.49429 0.29819 0.22994 0.17211 0.49141 0.74838 0.53574 -0.10438 0.29278 -0.03891 1.0588 4.6588e+05 1.0657e+06 0 0.0000e+00 0.0000e+00 0.0000e+00
63 -1 1.2377e+04 1.05 0.96 0.575 0.137 130 0.42242 0.45812 0.54526 -2.50 -9.80 -3.12 -2.244e-02 -3.687e-02 1.219e-02 0.02865 0.13744 1.2377e+04 1.2377e+04 1.2377e+04 0.0000e+00 0.0000e+00 43.62858 0.56 0.04859 0.45916 0.19263 -0.09771 -0.01097 0.29952 0.00000 0.00000 0.00000 0.00000 0.00000 0.6470 2.6755e+04 1.2369e+04 0 0.0000e+00 0.0000e+00 0.0000e+00
64 -1 1.4982e+04 1.08 0.89 0.613 0.223 83 0.42356 0.45796 0.54415 -2.40 -9.67 -3.10 1.604e-02 3.065e-02 -2.326e-02 0.02239 0.22311 1.6285e+04 1.4331e+04 1.4331e+04 0.0000e+00 0.0000e+00 35.97720 0.41 0.03284 0.58066 0.38413 0.08902 -0.06748 0.23089 0.00000 0.00000 0.00000 0.00000 0.00000 0.5586 2.3652e+04 2.8644e+04 0 0.0000e+00 0.0000e+00 0.0000e+00
65 -1 1.3679e+04 1.05 1.55 0.594 0.217 140 0.42505 0.45813 0.54382 -2.56 -9.67 -3.26 -2.504e-02 5.471e-02 8.742e-02 0.09769 0.21695 1.3679e+04 1.2377e+04 1.2377e+04 0.0000e+00 0.0000e+00 39.50762 0.50 0.09728 0.32272 0.25957 0.13736 -0.06595 0.17499 0.00000 0.00000 0.00000 0.00000 0.00000 2.0132 9.5805e+04 3.4503e+04 0 0.0000e+00 0.0000e+00 0.0000e+00
66 -1 4.2993e+04 1.53 1.12 0.871 0.346 459 0.41783 0.45777 0.54901 -2.85 -8.65 -3.19 1.395e-01 -1.019e-02 -3.772e-02 0.01741 0.34614 4.2993e+04 3.9084e+04 3.9084e+04 0.0000e+00 0.0000e+00 12.43877 0.15 0.01969 0.39333 0.12876 0.23385 0.00612 -0.21756 0.00000 0.00000 0.00000 0.00000 0.00000 0.3912 1.3031e+05 1.0807e+05 0 0.0000e+00 0.0000e+00 0.0000e+00
67 -1 2.0845e+04 1.22 0.82 0.684 0.197 143 0.41633 0.45911 0.55037 -2.37 -11.13 -2.96 1.325e-02 -5.264e-02 1.041e-01 0.04822 0.19698 2.0845e+04 2.0845e+04 2.0845e+04 0.0000e+00 0.0000e+00 25.85231 0.37 0.05336 0.45196 0.15642 0.19477 -0.05851 -0.17859 0.00000 0.00000 0.00000 0.00000 0.00000 0.2935 3.0808e+04 2.4087e+04 0 0.0000e+00 0.0000e+00 0.0000e+00
68 -1 9.1196e+03 0.92 0.90 0.519 0.185 41 0.43524 0.44370 0.53677 2.92 5.61 5.73 3.320e-02 8.306e-03 -1.990e-02 0.03898 0.18484 9.1196e+03 0.0000e+00 0.0000e+00 0.0000e+00 0.0000e+00 58.71766 0.61 0.07133 0.65622 0.22642 -0.06564 0.18621 -0.03906 0.00000 0.00000 0.00000 0.00000 0.00000 0.6451 1.3398e+04 1.6926e+04 0 0.0000e+00 0.0000e+00 0.0000e+00
69 -1 2.2799e+04 1.30 1.28 0.705 0.157 119 0.43545 0.44208 0.53276 -1.62 8.76 0.39 1.443e-01 -1.337e-02 4.627e-02 0.02142 0.15676 2.5405e+04 2.2148e+04 2.2148e+04 0.0000e+00 0.0000e+00 23.38714 0.24 0.05953 0.52563 0.31733 0.05970 0.24598 -0.02577 0.00000 0.00000 0.00000 0.00000 0.00000 0.8983 2.5690e+04 2.2134e+04 0 0.0000e+00 0.0000e+00 0.0000e+00
70 -1 6.2339e+05 3.74 3.61 2.123 1.417 1619 0.43807 0.44287 0.53501 -3.18 5.82 3.76 3.123e+01 2.196e+01 -3.706e+00 0.03832 0.78661 6.4033e+05 5.8626e+05 5.8626e+05 2.2083e+05 0.0000e+00 0.98393 1.61 0.06049 0.70447 0.36963 0.46687 -0.09622 0.27978 0.55080 0.38815 0.34787 0.12272 0.02320 0.7340 5.3650e+05 1.1822e+06 0 0.0000e+00 0.0000e+00 0.0000e+00
71 -1 4.6250e+04 1.81 1.51 0.892 0.108 88 0.43771 0.44410 0.53363 -1.40 6.56 4.79 1.408e-01 -4.139e-01 -3.472e-01 0.02827 0.10779 5.7323e+04 4.5598e+04 4.5598e+04 4.1690e+04 0.0000e+00 11.54445 1.12 0.06720 0.49837 0.30151 0.00450 -0.11450 0.27159 0.56262 0.29622 -0.02176 -0.09848 0.22516 0.8960 4.8021e+04 2.7993e+04 0 0.0000e+00 0.0000e+00 0.0000e+00
72 -1 1.1725e+04 1.02 1.25 0.565 0.147 124 0.44633 0.45252 0.52891 -3.19 5.49 2.03 -1.107e-03 -7.599e-02 7.762e-02 0.09504 0.14691 1.1725e+04 1.1725e+04 1.1725e+04 0.0000e+00 0.0000e+00 45.99428 0.37 0.12876 0.84464 0.00000 0.30562 -0.03639 0.01244 0.00000 0.00000 0.00000 0.00000 0.00000 1.5638 1.1126e+04 1.1718e+04 0 0.0000e+00 0.0000e+00 0.0000e+00
73 -1 1.2377e+04 1.01 1.02 0.575 0.207 31 0.42931 0.45421 0.52835 1.09 2.00 9.69 -5.060e-02 5.485e-02 1.261e-02 0.04856 0.20693 2.0193e+04 1.1074e+04 1.1074e+04 0.0000e+00 0.0000e+00 43.08253 0.39 0.08198 0.62531 0.51675 0.05885 0.20208 -0.14641 0.00000 0.00000 0.00000 0.00000 0.00000 0.7157 1.0203e+04 1.3020e+04 0 0.0000e+00 0.0000e+00 0.0000e+00
74 -1 1.8239e+04 1.19 1.26 0.654 0.157 87 0.42969 0.45366 0.52881 0.16 -1.05 11.96 5.015e-02 -5.328e-02 -6.362e-02 0.05113 0.15711 2.8662e+04 1.7588e+04 1.7588e+04 0.0000e+00 0.0000e+00 29.17958 1.00 0.05503 0.63188 0.34517 -0.00846 -0.02256 0.20938 0.00000 0.00000 0.00000 0.00000 0.00000 1.6516 1.8312e+04 1.7577e+04 0 0.0000e+00 0.0000e+00 0.0000e+00
75 -1 6.2535e+04 1.73 1.71 0.987 0.416 108 0.42987 0.45374 0.52795 0.32 1.04 9.40 -1.061e+00 1.237e+00 -7.135e-01 0.07448 0.41580 8.3380e+04 5.6672e+04 5.6672e+04 0.0000e+00 0.0000e+00 8.36764 0.90 0.12951 0.82092 0.48099 0.17898 0.30052 0.03906 0.00000 0.00000 0.00000 0.00000 0.00000 0.7773 5.6862e+04 9.5697e+04 0 0.0000e+00 0.0000e+00 0.0000e+00
76 -1 2.0845e+04 1.24 1.13 0.684 0.176 73 0.43042 0.45426 0.52819 -1.17 0.17 8.71 1.872e-01 2.771e-02 1.254e-01 0.05162 0.17628 2.3450e+04 1.8239e+04 1.8239e+04 0.0000e+00 0.0000e+00 25.53444 0.66 0.10313 0.42028 0.06913 -0.00886 0.18266 -0.16169 0.00000 0.00000 0.00000 0.00000 0.00000 0.7905 2.3591e+04 2.1483e+04 0 0.0000e+00 0.0000e+00 0.0000e+00
77 -1 5.9213e+05 3.67 3.19 2.087 2.080 921 0.42899 0.45331 0.53020 1.76 0.42 10.61 -6.708e+01 2.854e+01 2.121e+01 0.08403 0.87943 6.0580e+05 4.6640e+05 4.6510e+05 1.4266e+05 0.0000e+00 0.69286 1.58 0.13042 0.56275 0.23665 -0.17759 0.44851 0.33854 0.41536 0.26463 -0.15124 0.21767 0.22509 0.6943 6.1138e+05 1.1262e+06 0 0.0000e+00 0.0000e+00 0.0000e+00
78 -1 1.1856e+05 2.16 2.23 1.221 1.204 289 0.42838 0.45427 0.53169 0.60 3.47 8.65 -7.188e-01 1.580e+00 1.236e+00 0.03183 0.42961 1.4070e+05 1.0748e+05 1.0683e+05 3.2570e+04 0.0000e+00 4.19699 0.32 0.05342 0.30336 0.08983 0.38423 0.12826 0.06730 0.35045 0.06301 0.24878 0.10499 0.03680 0.7504 1.4525e+05 2.3501e+05 0 0.0000e+00 0.0000e+00 0.0000e+00
79 -1 3.7130e+04 1.48 1.05 0.829 0.239 72 0.42876 0.45437 0.53180 0.50 4.48 8.22 1.393e-02 -3.537e-02 1.455e-01 0.02403 0.23873 3.8433e+04 3.5827e+04 3.5827e+04 0.0000e+00 0.0000e+00 14.20252 0.16 0.02611 0.23675 0.11485 0.25592 0.09424 0.02954 0.00000 0.00000 0.00000 0.00000 0.00000 0.3713 3.1333e+04 4.1013e+04 0 0.0000e+00 0.0000e+00 0.0000e+00
80 -1 1.3712e+06 4.85 6.28 2.762 2.742 4053 0.43317 0.45396 0.53324 -2.30 -3.97 -0.01 2.622e+01 4.534e+01 -2.035e+02 0.05006 1.23593 1.4429e+06 1.0761e+06 1.0761e+06 3.4785e+05 1.3028e+05 0.45328 1.16 0.08906 0.45840 0.33136 0.50068 -0.13123 0.14638 0.47055 0.30254 0.31733 -0.07020 0.14352 1.2263 2.8329e+06 7.2892e+06 0 0.0000e+00 0.0000e+00 0.0000e+00
81 -1 8.3380e+04 2.02 1.27 1.086 0.589 136 0.43135 0.45628 0.53437 -0.70 -4.15 -0.29 5.378e-02 4.756e-01 3.143e-01 0.02706 0.21991 8.4031e+04 7.8168e+04 7.8168e+04 4.8855e+04 0.0000e+00 6.32040 0.08 0.02581 0.68563 0.31566 -0.08568 -0.25010 0.24600 0.49817 0.21969 -0.11835 -0.15384 0.16260 0.2843 7.1838e+04 8.7885e+04 0 0.0000e+00 0.0000e+00 0.0000e+00
82 -1 4.8855e+04 1.60 2.73 0.909 0.363 302 0.43131 0.45639 0.53450 -0.25 -0.00 1.19 -2.431e+00 1.078e+00 -4.907e-01 0.39670 0.36301 8.0774e+04 3.9736e+04 3.9736e+04 0.0000e+00 0.0000e+00 10.99352 0.84 0.29706 0.06689 0.01995 0.27524 0.43542 -0.04197 0.00000 0.00000 0.00000 0.00000 0.00000 2.3170 8.2688e+04 1.1523e+05 0 0.0000e+00 0.0000e+00 0.0000e+00
83 -1 3.0616e+04 1.46 1.30 0.778 0.147 51 0.43157 0.45650 0.53575 0.35 -2.29 0.55 -1.185e-01 8.013e-03 -9.464e-03 0.01979 0.14656 3.0616e+04 3.0616e+04 3.0616e+04 2.1496e+04 0.0000e+00 17.63021 0.05 0.02851 0.54332 0.32738 -0.03954 0.20216 -0.16306 0.57999 0.31907 -0.06266 -0.11526 0.12508 0.6439 2.7719e+04 2.5389e+04 0 0.0000e+00 0.0000e+00 0.0000e+00
84 -1 1.2377e+04 1.10 1.21 0.575 0.099 27 0.43302 0.45246 0.53544 0.71 -4.44 0.65 4.081e-02 -4.412e-02 -7.370e-02 0.04967 0.09942 1.6936e+04 1.2377e+04 1.2377e+04 0.0000e+00 0.0000e+00 43.36845 0.31 0.10300 0.58633 0.33566 0.01916 0.15569 0.11407 0.00000 0.00000 0.00000 0.00000 0.00000 1.2049 1.3556e+04 9.7650e+03 0 0.0000e+00 0.0000e+00 0.0000e+00
85 -1 4.5598e+04 1.57 2.13 0.888 0.330 946 0.44480 0.45705 0.52987 1.78 -3.85 3.64 1.604e-01 8.996e-02 -3.311e-01 0.04053 0.33001 5.7323e+04 3.0616e+04 2.8010e+04 0.0000e+00 0.0000e+00 11.87164 0.48 0.04668 0.41972 0.17626 0.27893 0.05366 -0.25655 0.00000 0.00000 0.00000 0.00000 0.00000 1.6006 1.4520e+05 8.7885e+04 0 0.0000e+00 0.0000e+00 0.0000e+00
86 -1 7.4911e+04 1.85 1.65 1.048 1.031 468 0.44989 0.46202 0.52798 3.29 -0.74 4.49 5.073e-01 5.547e-01 -1.101e-01 0.02870 0.39921 7.6214e+04 5.9929e+04 5.9929e+04 0.0000e+00 0.0000e+00 7.31765 0.07 0.04094 0.27063 0.03729 -0.28875 0.31623 -0.15968 0.00000 0.00000 0.00000 0.00000 0.00000 0.6220 1.3192e+05 3.6391e+05 0 0.0000e+00 0.0000e+00 0.0000e+00
87 -1 9.7710e+03 0.94 0.89 0.531 0.183 86 0.45357 0.46119 0.52553 2.89 0.78 -3.17 -7.197e-02 -2.164e-02 -6.000e-02 0.06533 0.18297 1.1074e+04 9.1196e+03 9.1196e+03 0.0000e+00 0.0000e+00 55.58841 0.50 0.15444 0.11178 0.03561 0.03577 0.00517 0.23519 0.00000 0.00000 0.00000 0.00000 0.00000 1.1926 1.1018e+04 1.2369e+04 0 0.0000e+00 0.0000e+00 0.0000e+00
88 -1 1.1074e+04 0.98 1.62 0.554 0.181 128 0.46710 0.46424 0.51543 1.44 -3.40 2.78 1.853e-02 1.097e-01 5.066e-02 0.21842 0.18080 2.0193e+04 0.0000e+00 0.0000e+00 0.0000e+00 0.0000e+00 49.22390 0.59 0.15941 0.24643 0.01851 0.04333 -0.19088 0.20344 0.00000 0.00000 0.00000 0.00000 0.00000 2.7762 1.0458e+04 1.4322e+04 0 0.0000e+00 0.0000e+00 0.0000e+00
89 -1 4.4295e+04 1.63 1.51 0.880 0.183 132 0.46228 0.46500 0.51461 -3.25 0.38 0.42 1.959e-01 -7.422e-02 -9.810e-02 0.01907 0.18307 5.5369e+04 4.2341e+04 4.2341e+04 2.8010e+04 0.0000e+00 12.25633 0.50 0.02991 0.35351 0.23674 -0.11479 0.19735 0.20859 0.50501 0.27214 -0.07942 0.14269 0.15098 0.7285 3.6629e+04 3.8409e+04 0 0.0000e+00 0.0000e+00 0.0000e+00
90 -1 1.1074e+04 0.99 2.78 0.554 0.160 153 0.46311 0.46494 0.52422 3.82 -8.85 0.15 1.068e-01 -8.926e-03 7.377e-04 0.37512 0.15996 1.8239e+04 1.1074e+04 0.0000e+00 0.0000e+00 0.0000e+00 49.35605 0.44 0.13980 0.08404 0.00000 0.00354 0.23203 0.12406 0.00000 0.00000 0.00000 0.00000 0.00000 8.2026 2.6500e+04 1.4322e+04 0 0.0000e+00 0.0000e+00 0.0000e+00
91 -1 1.0422e+04 0.98 1.30 0.543 0.144 98 0.46277 0.46339 0.52507 3.46 -7.06 0.72 9.172e-02 -5.458e-02 -3.514e-02 0.17176 0.14364 1.6936e+04 1.0422e+04 1.0422e+04 0.0000e+00 0.0000e+00 52.48541 0.37 0.16207 0.07437 0.00000 0.34318 -0.20774 -0.12932 0.00000 0.00000 0.00000 0.00000 0.00000 2.0910 1.3063e+04 1.0416e+04 0 0.0000e+00 0.0000e+00 0.0000e+00
92 -1 7.1654e+04 1.81 2.87 1.032 1.026 95 0.46349 0.46413 0.52504 3.57 -7.94 0.58 3.092e-01 6.419e-01 8.773e-01 0.07611 0.47275 1.0292e+05 3.5827e+04 3.5827e+04 0.0000e+00 0.0000e+00 7.75848 0.24 0.06557 0.68250 0.38718 0.37712 -0.12133 0.01416 0.00000 0.00000 0.00000 0.00000 0.00000 2.0844 1.1245e+05 2.0637e+05 0 0.0000e+00 0.0000e+00 0.0000e+00
93 -1 3.3873e+04 1.42 1.68 0.804 0.301 98 0.46217 0.46504 0.52560 2.42 -6.13 1.16 -2.956e-01 -4.026e-01 7.626e-02 0.05108 0.30128 3.5176e+04 2.8662e+04 2.8662e+04 0.0000e+00 0.0000e+00 16.20756 0.10 0.10219 0.81403 0.20017 -0.00445 0.29178 0.11607 0.00000 0.00000 0.00000 0.00000 0.00000 1.2041 3.0187e+04 4.6872e+04 0 0.0000e+00 0.0000e+00 0.0000e+00
94 -1 4.1038e+04 1.51 1.20 0.857 0.332 95 0.45688 0.45881 0.52336 2.36 0.74 -6.09 -6.901e-02 -3.344e-02 -1.062e-01 0.01594 0.33227 4.1038e+04 3.3222e+04 3.3222e+04 0.0000e+00 0.0000e+00 13.16762 0.10 0.01925 0.53791 0.14353 -0.15123 -0.09414 0.32320 0.00000 0.00000 0.00000 0.00000 0.00000 0.4557 3.5447e+04 5.2731e+04 0 0.0000e+00 0.0000e+00 0.0000e+00
95 -1 5.2112e+04 1.76 1.39 0.928 0.168 85 0.45829 0.45919 0.52412 0.18 1.68 -7.57 8.111e-02 2.345e-01 6.421e-01 0.06195 0.16835 5.6021e+04 4.9507e+04 4.9507e+04 3.7130e+04 0.0000e+00 10.46019 0.16 0.06791 0.72025 0.60663 0.23395 0.21570 0.01637 0.48892 0.27807 0.05643 0.27590 0.00859 0.4619 4.6917e+04 4.2966e+04 0 0.0000e+00 0.0000e+00 0.0000e+00
96 -1 1.1269e+05 2.13 1.41 1.201 0.798 360 0.45674 0.45471 0.52754 -3.10 1.31 -6.85 1.607e-01 7.784e-01 -1.227e+00 0.04076 0.39556 1.1269e+05 1.0488e+05 1.0488e+05 5.9929e+04 0.0000e+00 4.73823 0.12 0.03988 0.61251 0.21818 0.34555 0.00998 -0.02279 0.79254 0.15570 0.25288 -0.01820 0.01243 0.3022 9.5693e+04 2.2915e+05 0 0.0000e+00 0.0000e+00 0.0000e+00
97 -1 1.5634e+04 1.12 0.89 0.622 0.161 47 0.45727 0.45503 0.52734 -2.19 1.04 -7.22 2.232e-02 -2.935e-02 -2.182e-02 0.02226 0.16101 1.5634e+04 1.3679e+04 1.3679e+04 0.0000e+00 0.0000e+00 34.67469 0.32 0.03144 0.44502 0.14873 -0.05842 0.20252 -0.10951 0.00000 0.00000 0.00000 0.00000 0.00000 0.5327 1.4527e+04 1.6926e+04 0 0.0000e+00 0.0000e+00 0.0000e+00
98 -1 1.1074e+04 1.04 0.87 0.554 0.108 25 0.45622 0.45465 0.52772 -3.91 1.54 -6.67 -2.276e-04 -5.685e-02 6.908e-03 0.04562 0.10847 1.1074e+04 1.1074e+04 1.1074e+04 0.0000e+00 0.0000e+00 48.96367 0.46 0.07467 0.84003 0.46550 0.04317 -0.08932 0.16551 0.00000 0.00000 0.00000 0.00000 0.00000 0.6038 1.0698e+04 1.0416e+04 0 0.0000e+00 0.0000e+00 0.0000e+00
99 -1 1.8239e+04 1.17 1.57 0.654 0.199 52 0.46147 0.46644 0.51784 -3.39 -5.55 -0.56 5.970e-02 -7.960e-02 -1.009e-03 0.03501 0.19894 3.3222e+04 1.7588e+04 1.7588e+04 0.0000e+00 0.0000e+00 29.88111 0.31 0.05648 0.51599 0.12647 0.24180 0.14674 0.06201 0.00000 0.00000 0.00000 0.00000 0.00000 1.2576 1.5326e+04 1.9530e+04 0 0.0000e+00 0.0000e+00 0.0000e+00
100 -1 1.3679e+04 1.14 1.11 0.594 0.097 39 0.45797 0.46109 0.52547 2.32 2.85 -4.72 -9.552e-02 6.778e-02 -1.047e-02 0.00348 0.09668 2.0193e+04 1.3679e+04 1.3679e+04 0.0000e+00 0.0000e+00 39.88206 0.58 0.10780 0.83718 0.44864 0.18543 0.00028 -0.14215 0.00000 0.00000 0.00000 0.00000 0.00000 0.9992 1.3393e+04 9.7650e+03 0 0.0000e+00 0.0000e+00 0.0000e+00
101 -1 3.0551e+05 2.96 2.25 1.674 0.937 661 0.45883 0.46007 0.52441 -2.01 2.64 -7.46 3.909e+00 4.411e+00 8.180e+00 0.05052 0.57442 3.0681e+05 2.9248e+05 2.8987e+05 1.4982e+05 0.0000e+00 1.78232 0.48 0.05218 0.28814 0.24470 -0.06588 0.37623 -0.33273 0.14098 0.09016 -0.05940 0.28456 -0.27565 0.3912 2.5596e+05 5.2145e+05 0 0.0000e+00 0.0000e+00 0.0000e+00
102 -1 1.1790e+05 2.15 2.52 1.219 1.026 348 0.45843 0.46179 0.52500 1.78 4.76 -3.45 5.252e+00 -1.995e+00 3.664e+00 0.02427 0.46705 1.2963e+05 1.0813e+05 1.0618e+05 5.2112e+04 0.0000e+00 4.51808 0.49 0.16970 0.46218 0.12731 0.16428 0.32823 -0.08833 0.60651 0.07109 0.07533 0.19323 -0.16231 1.0139 1.0396e+05 1.9790e+05 0 0.0000e+00 0.0000e+00 0.0000e+00
103 -1 2.5405e+04 1.33 1.63 0.731 0.174 62 0.45917 0.46118 0.52520 -0.48 2.22 -7.98 1.181e-01 3.660e-01 -2.110e-01 0.07597 0.17403 3.5827e+04 2.4753e+04 2.4753e+04 0.0000e+00 0.0000e+00 21.43167 0.43 0.14330 0.88356 0.59917 0.21274 -0.19076 0.03986 0.00000 0.00000 0.00000 0.00000 0.00000 1.2072 2.2166e+04 2.4738e+04 0 0.0000e+00 0.0000e+00 0.0000e+00
104 -1 1.2637e+05 2.21 1.78 1.247 0.612 652 0.45785 0.46242 0.52794 2.06 6.64 0.56 -5.295e-01 6.745e-01 -7.686e-01 0.02436 0.41946 1.2898e+05 1.1986e+05 1.1986e+05 6.3837e+04 0.0000e+00 4.18956 0.33 0.02595 0.60968 0.20202 0.24254 0.19427 0.10088 0.63158 0.19995 0.12695 0.19073 0.05132 0.4091 1.9357e+05 3.1574e+05 0 0.0000e+00 0.0000e+00 0.0000e+00
105 -1 1.7002e+05 2.45 2.02 1.377 1.324 154 0.46275 0.46157 0.52042 -4.54 9.28 -6.62 3.812e+00 -3.021e-01 1.615e-01 0.04591 0.43977 1.9151e+05 1.6285e+05 1.6285e+05 8.0774e+04 0.0000e+00 3.01900 0.48 0.05262 0.56967 0.32329 0.35834 0.17952 0.12247 0.77106 0.39220 0.26060 0.07579 0.10253 0.4993 1.4063e+05 2.1158e+05 0 0.0000e+00 0.0000e+00 0.0000e+00
106 -1 7.9471e+04 1.90 2.45 1.069 1.034 130 0.46308 0.46217 0.52070 -3.35 8.99 -5.39 1.244e+00 6.572e-01 1.796e+00 0.06841 0.32820 1.1269e+05 7.4911e+04 7.4911e+04 0.0000e+00 0.0000e+00 6.64600 0.68 0.11138 0.67193 0.18894 0.34418 -0.02355 0.15407 0.00000 0.00000 0.00000 0.00000 0.00000 1.2520 6.9335e+04 9.8301e+04 0 0.0000e+00 0.0000e+00 0.0000e+00
107 -1 1.4982e+04 1.15 0.96 0.613 0.116 32 0.46391 0.46238 0.52099 -2.98 8.84 -5.67 -3.746e-02 -4.293e-02 -5.126e-02 0.03586 0.11594 2.0845e+04 1.4331e+04 1.4331e+04 0.0000e+00 0.0000e+00 36.38692 0.67 0.06037 0.90574 0.68769 0.19611 0.04865 0.01418 0.00000 0.00000 0.00000 0.00000 0.00000 0.7157 1.5176e+04 1.3671e+04 0 0.0000e+00 0.0000e+00 0.0000e+00
108 -1 1.4657e+05 2.32 2.38 1.311 0.645 311 0.46155 0.46491 0.51813 -1.85 -6.91 -0.92 5.767e+00 -2.133e+00 1.925e+00 0.07151 0.44409 1.8760e+05 1.3875e+05 1.3875e+05 7.4260e+04 0.0000e+00 3.39219 1.07 0.11343 0.18146 0.10740 0.18425 0.35425 -0.05172 0.22579 0.10295 0.10207 0.26453 -0.05509 0.7617 1.2083e+05 1.9530e+05 0 0.0000e+00 0.0000e+00 0.0000e+00
109 -1 2.9965e+04 1.39 1.13 0.772 0.204 56 0.46172 0.46422 0.52310 0.04 6.91 -7.54 -1.348e-01 -2.014e-01 -1.997e-03 0.04780 0.20379 3.1919e+04 2.8010e+04 2.8010e+04 0.0000e+00 0.0000e+00 18.31061 0.23 0.06012 0.79094 0.50041 0.14792 0.20042 -0.10130 0.00000 0.00000 0.00000 0.00000 0.00000 0.5191 2.5073e+04 3.0597e+04 0 0.0000e+00 0.0000e+00 0.0000e+00
110 -1 2.6708e+04 1.61 2.17 0.743 0.067 62 0.46394 0.46383 0.51936 5.65 -2.33 -0.11 6.761e-03 -1.127e-02 1.446e-02 0.00749 0.06706 4.0387e+04 2.6708e+04 2.6708e+04 2.6708e+04 0.0000e+00 20.41506 0.84 0.00587 0.76925 0.61713 0.06898 -0.01213 0.04765 0.76925 0.61713 0.06898 -0.01213 0.04765 2.0029 8.7951e+04 2.6691e+04 0 0.0000e+00 0.0000e+00 0.0000e+00
111 -1 1.3028e+04 1.12 1.79 0.585 0.096 38 0.46385 0.46401 0.51925 5.69 -0.71 -1.13 3.582e-02 4.747e-02 3.432e-02 0.09679 0.09592 2.4753e+04 1.3028e+04 1.3028e+04 0.0000e+00 0.0000e+00 41.83839 0.41 0.06827 0.43731 0.25497 0.08889 -0.03326 -0.03130 0.00000 0.00000 0.00000 0.00000 0.00000 2.6174 3.1938e+04 1.3020e+04 0 0.0000e+00 0.0000e+00 0.0000e+00
112 -1 6.3408e+06 8.12 9.30 4.601 2.546 13800 0.46400 0.46453 0.51901 5.86 -2.05 0.41 -1.454e+03 -2.318e+03 2.821e+01 0.03217 1.64549 6.6430e+06 6.0229e+06 6.0177e+06 3.0179e+06 8.1881e+05 0.67900 3.84 0.09037 0.58675 0.45546 -0.01864 -0.57892 0.57956 0.41916 0.38399 0.09044 0.45675 -0.34170 0.9239 5.4281e+06 1.1431e+07 0 0.0000e+00 0.0000e+00 0.0000e+00
113 -1 4.3970e+05 3.34 3.51 1.890 0.706 648 0.46390 0.46327 0.52143 -5.57 5.95 -6.35 1.902e+01 1.223e+00 1.054e+01 0.03130 0.65369 4.4751e+05 4.1234e+05 4.1234e+05 1.2767e+05 0.0000e+00 1.34327 1.35 0.06146 0.29649 0.10794 0.12162 0.55419 0.28626 0.26426 0.09491 0.07610 0.30579 0.16787 0.8283 5.7179e+05 8.2352e+05 0 0.0000e+00 0.0000e+00 0.0000e+00
114 -1 3.5436e+05 3.26 2.60 1.759 0.307 318 0.46397 0.46534 0.52263 -7.24 5.87 -6.40 -5.593e-01 1.629e+01 -1.697e+00 0.06680 0.36673 3.5436e+05 3.4720e+05 3.4720e+05 2.2995e+05 0.0000e+00 1.34808 0.29 0.06625 0.40423 0.20472 0.39132 0.08625 0.30335 0.31277 0.19700 0.28979 0.03143 0.25785 0.4078 3.1050e+05 2.6886e+05 0 0.0000e+00 0.0000e+00 0.0000e+00
115 -1 1.1465e+05 2.43 2.07 1.208 0.672 85 0.46471 0.46540 0.52266 -6.35 5.74 -6.53 1.101e+00 -6.531e-01 1.988e+00 0.05623 0.15380 1.1790e+05 1.1465e+05 1.1465e+05 9.4453e+04 0.0000e+00 4.59766 0.59 0.06267 0.52484 0.17488 -0.12970 0.06404 0.34256 0.41436 0.07543 -0.17756 0.06174 0.24648 0.5536 1.1198e+05 1.2304e+05 0 0.0000e+00 0.0000e+00 0.0000e+00
116 -1 3.0616e+04 1.61 1.22 0.778 0.087 34 0.46441 0.46544 0.52307 -6.39 4.83 -7.75 -1.716e-01 -5.565e-02 2.333e-01 0.05701 0.08691 3.1267e+04 3.0616e+04 3.0616e+04 2.6708e+04 0.0000e+00 17.94696 0.29 0.07061 0.54549 0.29170 0.19401 0.08650 0.05292 0.58539 0.24327 0.14946 0.10833 0.05757 0.5454 3.5990e+04 2.0181e+04 0 0.0000e+00 0.0000e+00 0.0000e+00
117 -1 5.1461e+04 1.90 1.37 0.925 0.107 34 0.46468 0.46555 0.52321 -6.29 4.83 -7.68 -4.088e-02 -2.501e-01 -5.689e-02 0.02494 0.10661 5.1461e+04 5.0809e+04 5.0809e+04 4.0387e+04 0.0000e+00 10.80060 0.14 0.02617 0.30829 0.13114 0.24296 0.12941 0.12031 0.37674 0.18044 0.15805 0.12200 0.08993 0.4380 5.4863e+04 3.4503e+04 0 0.0000e+00 0.0000e+00 0.0000e+00
118 -1 3.3222e+04 1.67 2.36 0.799 0.084 122 0.46489 0.46539 0.52488 -6.28 5.82 -5.46 -2.897e-02 -9.070e-02 -8.736e-02 0.03109 0.08407 4.7552e+04 3.3222e+04 3.3222e+04 2.9965e+04 0.0000e+00 16.55493 0.33 0.02700 0.71656 0.43614 0.09527 0.01100 0.19813 0.73602 0.28298 0.07265 -0.04298 0.16939 1.8657 3.7157e+04 1.8879e+04 0 0.0000e+00 0.0000e+00 0.0000e+00
119 -1 7.8168e+03 0.87 1.20 0.493 0.180 28 0.46875 0.46474 0.52148 -7.55 7.15 -4.90 -2.999e-02 2.879e-02 -3.042e-02 0.09056 0.17975 9.7710e+03 0.0000e+00 0.0000e+00 0.0000e+00 0.0000e+00 70.08155 0.53 0.12003 0.52624 0.31953 0.15481 0.12512 0.01918 0.00000 0.00000 0.00000 0.00000 0.00000 1.6878 7.3048e+03 9.1140e+03 0 0.0000e+00 0.0000e+00 0.0000e+00
120 -1 1.8239e+04 1.16 2.00 0.654 0.235 118 0.46837 0.46659 0.52253 9.15 -3.43 -1.65 -1.492e-01 -6.031e-02 -3.728e-02 0.14517 0.23456 3.2570e+04 1.6285e+04 1.6285e+04 0.0000e+00 0.0000e+00 30.04989 0.56 0.09377 0.73578 0.33840 -0.03219 -0.04048 0.23943 0.00000 0.00000 0.00000 0.00000 0.00000 3.1131 2.4718e+04 3.3201e+04 0 0.0000e+00 0.0000e+00 0.0000e+00
121 -1 2.8662e+04 1.34 1.98 0.761 0.329 115 0.47304 0.46389 0.52162 -7.16 4.47 -3.50 8.160e-02 -6.854e-02 -5.036e-01 0.14199 0.32855 5.2112e+04 0.0000e+00 0.0000e+00 0.0000e+00 0.0000e+00 19.03858 0.66 0.13753 0.54847 0.22853 0.11225 0.33964 -0.04972 0.00000 0.00000 0.00000 0.00000 0.00000 1.7937 2.7271e+04 4.4919e+04 0 0.0000e+00 0.0000e+00 0.0000e+00
122 -1 3.1267e+04 1.38 0.98 0.783 0.301 88 0.46933 0.46578 0.52252 -6.72 5.95 -3.57 -1.373e-01 -1.765e-02 -9.291e-02 0.03290 0.30067 3.1267e+04 2.8662e+04 2.8662e+04 0.0000e+00 0.0000e+00 17.55122 0.20 0.03853 0.61946 0.19985 0.23074 -0.04096 0.15532 0.00000 0.00000 0.00000 0.00000 0.00000 0.4022 4.1760e+04 5.6637e+04 0 0.0000e+00 0.0000e+00 0.0000e+00
123 -1 9.1196e+03 0.94 1.06 0.519 0.133 103 0.47148 0.46597 0.52275 -5.13 5.45 -2.05 -2.978e-03 -7.967e-02 2.704e-02 0.05783 0.13276 9.1196e+03 9.1196e+03 9.1196e+03 0.0000e+00 0.0000e+00 60.29687 0.55 0.15170 0.50445 0.39778 0.18840 0.06291 -0.12364 0.00000 0.00000 0.00000 0.00000 0.00000 1.1717 1.7874e+04 9.1140e+03 0 0.0000e+00 0.0000e+00 0.0000e+00
124 -1 1.0422e+04 1.00 1.15 0.543 0.115 88 0.47068 0.46588 0.52300 -5.60 5.90 -2.72 8.353e-02 4.009e-03 -3.952e-02 0.09528 0.11454 1.3028e+04 1.0422e+04 1.0422e+04 0.0000e+00 0.0000e+00 52.73476 0.97 0.13341 0.90336 0.85729 0.06911 -0.11713 0.13384 0.00000 0.00000 0.00000 0.00000 0.00000 1.5592 2.7542e+04 9.7650e+03 0 0.0000e+00 0.0000e+00 0.0000e+00
125 -1 7.2827e+05 3.93 3.00 2.236 1.275 1626 0.47282 0.46302 0.51955 -8.64 4.71 -5.35 -7.680e+00 3.540e+01 -3.787e+01 0.05898 0.98340 7.2827e+05 6.8137e+05 6.8137e+05 3.7195e+05 0.0000e+00 0.89488 1.46 0.06377 0.57888 0.37582 0.43248 0.34701 0.04061 0.62632 0.41288 0.34497 0.21389 0.04175 0.4594 6.2747e+05 1.1119e+06 0 0.0000e+00 0.0000e+00 0.0000e+00
126 -1 3.6479e+04 1.45 0.94 0.824 0.364 116 0.47427 0.47470 0.51239 16.34 -3.52 4.81 -6.566e-02 2.083e-01 1.639e-01 0.04582 0.36420 3.6479e+04 2.9965e+04 2.9965e+04 0.0000e+00 0.0000e+00 15.01476 0.31 0.04882 0.43522 0.27974 0.25990 0.13382 -0.09030 0.00000 0.00000 0.00000 0.00000 0.00000 0.3026 3.7798e+04 6.5751e+04 0 0.0000e+00 0.0000e+00 0.0000e+00
127 -1 1.1334e+05 2.22 3.28 1.203 0.419 771 0.47866 0.47424 0.51215 -12.86 -2.09 13.77 -3.344e+00 -4.601e-01 -3.769e+00 0.12318 0.26226 1.9868e+05 1.0618e+05 1.0618e+05 7.6866e+04 0.0000e+00 5.01878 0.69 0.13670 0.65432 0.21654 -0.13005 0.34706 0.00627 0.47421 0.16874 -0.06904 0.28862 0.03307 1.4602 9.3402e+04 1.3931e+05 0 0.0000e+00 0.0000e+00 0.0000e+00
128 -1 8.4682e+03 0.90 1.49 0.507 0.157 43 0.47820 0.47563 0.51604 1.19 14.76 -2.68 9.559e-02 9.633e-04 3.293e-02 0.12537 0.15695 1.5634e+04 0.0000e+00 0.0000e+00 0.0000e+00 0.0000e+00 65.25651 1.12 0.20614 0.81524 0.28640 0.08021 -0.06131 0.18934 0.00000 0.00000 0.00000 0.00000 0.00000 1.4213 7.9487e+03 1.0416e+04 0 0.0000e+00 0.0000e+00 0.0000e+00
129 -1 9.7710e+03 0.95 1.02 0.531 0.153 39 0.47357 0.47175 0.52028 8.94 -1.91 3.63 4.661e-02 4.469e-02 -5.495e-02 0.05103 0.15330 9.7710e+03 9.7710e+03 9.1196e+03 0.0000e+00 0.0000e+00 56.55925 0.66 0.13618 0.08365 0.00351 -0.03993 0.37382 0.07414 0.00000 0.00000 0.00000 0.00000 0.00000 0.8401 1.0282e+04 1.0416e+04 0 0.0000e+00 0.0000e+00 0.0000e+00
130 -1 2.4102e+04 1.27 1.65 0.718 0.236 130 0.47920 0.47716 0.51428 13.39 2.38 -5.74 -4.408e-01 -1.081e-02 4.988e-02 0.11187 0.23592 2.9965e+04 1.3679e+04 1.3679e+04 0.0000e+00 0.0000e+00 23.01126 0.46 0.15827 0.92231 0.31001 0.14338 0.22699 0.10102 0.00000 0.00000 0.00000 0.00000 0.00000 1.4037 2.2139e+04 3.1248e+04 0 0.0000e+00 0.0000e+00 0.0000e+00
131 -1 1.2963e+05 2.21 2.03 1.258 1.195 477 0.47787 0.47611 0.51535 11.34 2.68 -3.28 -2.528e+00 -2.622e-01 -2.243e+00 0.05681 0.48925 1.3158e+05 1.1204e+05 1.1204e+05 5.4066e+04 0.0000e+00 4.28545 0.09 0.07323 0.48395 0.19243 -0.27962 -0.13532 0.30899 0.24576 0.12912 -0.12361 0.00495 0.30538 0.5916 1.0623e+05 2.1092e+05 0 0.0000e+00 0.0000e+00 0.0000e+00
132 -1 9.1196e+03 0.94 2.00 0.519 0.133 27 0.48820 0.48330 0.51295 -18.48 -11.99 -11.74 3.683e-02 -4.970e-02 1.076e-03 0.07170 0.13276 1.3679e+04 9.1196e+03 9.1196e+03 0.0000e+00 0.0000e+00 61.24179 1.81 0.11148 0.79261 0.38888 0.16775 0.15324 -0.01536 0.00000 0.00000 0.00000 0.00000 0.00000 1.4650 8.6226e+03 9.1140e+03 0 0.0000e+00 0.0000e+00 0.0000e+00
133 -1 1.2377e+04 1.02 1.36 0.575 0.202 82 0.48189 0.47966 0.51192 -8.09 8.44 2.69 -5.201e-02 2.851e-02 -4.075e-02 0.05531 0.20186 1.6936e+04 1.1725e+04 1.1725e+04 0.0000e+00 0.0000e+00 44.75895 0.64 0.07795 0.42967 0.18556 0.19397 0.10465 -0.04750 0.00000 0.00000 0.00000 0.00000 0.00000 1.4868 1.1390e+04 1.5624e+04 0 0.0000e+00 0.0000e+00 0.0000e+00
134 -1 4.0387e+04 1.53 2.99 0.853 0.232 126 0.48101 0.48209 0.51085 -2.07 2.90 2.55 -6.514e-01 -8.408e-02 -1.492e-01 0.16571 0.23153 5.2112e+04 3.6479e+04 3.6479e+04 2.2799e+04 0.0000e+00 13.69542 0.35 0.10162 0.50920 0.29942 -0.12143 -0.18943 0.23931 0.81226 0.52928 -0.11649 -0.02715 0.16596 2.8530 3.3581e+04 4.1664e+04 0 0.0000e+00 0.0000e+00 0.0000e+00
135 -1 3.2505e+05 3.42 3.87 1.709 0.220 731 0.48304 0.47402 0.51180 -13.55 -8.70 -2.05 -4.163e+00 8.795e+00 1.009e+00 0.02320 0.22359 4.2471e+05 3.1658e+05 3.1658e+05 2.5470e+05 0.0000e+00 1.57090 0.91 0.04566 0.77504 0.51692 0.38730 -0.05038 0.09214 0.61763 0.42444 0.34908 0.03313 0.12316 0.8728 2.9964e+05 2.1418e+05 0 0.0000e+00 0.0000e+00 0.0000e+00
136 -1 1.3028e+04 1.10 1.18 0.585 0.113 34 0.48380 0.47360 0.51165 -11.22 -8.86 -3.07 -5.191e-02 3.595e-02 -2.529e-02 0.04311 0.11335 2.2148e+04 1.3028e+04 1.3028e+04 0.0000e+00 0.0000e+00 42.43125 1.44 0.06763 0.63732 0.23892 0.10500 0.13114 0.16005 0.00000 0.00000 0.00000 0.00000 0.00000 1.3097 1.2259e+04 1.1067e+04 0 0.0000e+00 0.0000e+00 0.0000e+00
137 -1 2.6838e+05 3.15 3.31 1.603 0.237 641 0.48165 0.47663 0.51154 -1.54 -20.03 0.68 -4.418e+00 -4.878e+00 1.619e+00 0.03546 0.22940 3.3222e+05 2.6317e+05 2.6317e+05 2.1692e+05 0.0000e+00 1.89276 0.38 0.04354 0.76693 0.31713 -0.09990 0.15634 0.30478 0.54762 0.29357 -0.08677 0.18735 0.22248 0.6760 2.5251e+05 1.9725e+05 0 0.0000e+00 0.0000e+00 0.0000e+00
138 -1 1.8891e+04 1.35 1.67 0.662 0.078 30 0.48087 0.47532 0.51456 1.92 -16.36 10.68 5.785e-02 -1.996e-02 -4.180e-02 0.02819 0.07774 1.9542e+04 1.8891e+04 1.8891e+04 0.0000e+00 0.0000e+00 29.30090 0.59 0.03967 0.76214 0.41176 -0.01397 0.00924 0.09568 0.00000 0.00000 0.00000 0.00000 0.00000 1.4090 4.7424e+04 1.8879e+04 0 0.0000e+00 0.0000e+00 0.0000e+00
139 -1 1.5464e+06 5.53 7.14 2.874 0.376 4651 0.48088 0.47584 0.51401 4.50 -14.29 10.36 -2.100e+02 -1.604e+02 6.898e+02 0.22248 0.46628 2.6857e+06 1.5145e+06 1.5145e+06 1.1960e+06 1.8174e+05 0.35959 4.76 0.25620 0.69781 0.37755 0.28353 0.45957 0.38313 0.65764 0.32426 0.26074 0.42341 0.25743 1.3500 1.3934e+06 9.3028e+05 0 0.0000e+00 0.0000e+00 0.0000e+00
140 -1 1.4982e+04 1.20 2.06 0.613 0.088 27 0.48124 0.47664 0.51534 -2.58 -10.15 11.07 3.637e-02 -6.209e-02 -3.246e-02 0.09672 0.08785 1.7588e+04 1.4982e+04 1.4982e+04 0.0000e+00 0.0000e+00 37.00532 0.77 0.06218 0.35550 0.28273 -0.02177 0.10429 0.08958 0.00000 0.00000 0.00000 0.00000 0.00000 3.0602 3.0264e+04 1.4973e+04 0 0.0000e+00 0.0000e+00 0.0000e+00
141 -1 1.1725e+04 1.07 1.95 0.565 0.104 32 0.48108 0.47684 0.51465 -3.23 -9.67 10.39 -8.946e-03 -2.061e-03 -1.213e-02 0.02700 0.10354 2.0845e+04 1.1725e+04 1.1725e+04 0.0000e+00 0.0000e+00 47.23830 0.98 0.01803 0.64002 0.36961 -0.03951 0.08994 0.01936 0.00000 0.00000 0.00000 0.00000 0.00000 3.0347 2.7494e+04 1.1718e+04 0 0.0000e+00 0.0000e+00 0.0000e+00
142 -1 3.1267e+04 1.74 2.05 0.783 0.064 35 0.48123 0.47669 0.51501 -2.53 -9.93 10.80 2.161e-01 -8.097e-02 -1.455e-02 0.03938 0.06370 4.0387e+04 3.1267e+04 3.1267e+04 3.1267e+04 0.0000e+00 17.66301 0.51 0.05345 0.57074 0.19943 0.00301 -0.05077 0.23024 0.58196 0.19085 -0.00147 -0.05171 0.22178 1.3131 4.2558e+04 1.4322e+04 0 0.0000e+00 0.0000e+00 0.0000e+00
143 -1 1.1465e+05 2.17 3.17 1.208 1.049 344 0.48130 0.47658 0.51573 -2.63 -9.53 12.41 8.136e-01 1.665e+00 -8.200e-01 0.05281 0.34154 1.7458e+05 1.1334e+05 1.1334e+05 4.1690e+04 0.0000e+00 5.02109 1.03 0.05373 0.33787 0.18724 -0.14946 0.04902 0.36026 0.67904 0.45905 -0.14350 0.04315 0.16633 1.6252 9.9296e+04 1.4648e+05 0 0.0000e+00 0.0000e+00 0.0000e+00
144 -1 1.4331e+04 1.18 1.86 0.604 0.090 43 0.48163 0.47677 0.51475 -3.24 -7.99 11.60 5.123e-02 -1.015e-02 -8.503e-03 0.07266 0.09021 2.8010e+04 1.4331e+04 1.4331e+04 0.0000e+00 0.0000e+00 38.73610 1.76 0.04489 0.69012 0.17297 0.01653 0.08392 0.11400 0.00000 0.00000 0.00000 0.00000 0.00000 2.8852 2.4149e+04 1.3671e+04 0 0.0000e+00 0.0000e+00 0.0000e+00
145 -1 3.5827e+04 1.49 2.76 0.819 0.203 254 0.47905 0.48102 0.51500 -13.98 -9.65 14.00 -7.461e-01 -1.691e-01 2.911e-01 0.22926 0.20311 6.9049e+04 3.5827e+04 3.5827e+04 0.0000e+00 0.0000e+00 15.51179 0.77 0.15078 0.29806 0.21499 -0.07614 0.26032 -0.05357 0.00000 0.00000 0.00000 0.00000 0.00000 2.6603 3.9590e+04 3.5805e+04 0 0.0000e+00 0.0000e+00 0.0000e+00
146 -1 7.8168e+03 0.87 1.90 0.493 0.180 41 0.48668 0.48104 0.51843 -18.02 -12.37 -7.30 -2.119e-02 2.492e-02 -6.851e-04 0.05312 0.17975 7.8168e+03 0.0000e+00 0.0000e+00 0.0000e+00 0.0000e+00 71.52526 1.92 0.07623 0.23414 0.13814 -0.02091 0.03765 0.18431 0.00000 0.00000 0.00000 0.00000 0.00000 0.3705 1.0771e+04 1.2369e+04 0 0.0000e+00 0.0000e+00 0.0000e+00
