#id num_p mvir mbound_vir rvir vmax rvmax vrms x y z vx vy vz Jx Jy Jz E Spin PosUncertainty VelUncertainty bulk_vx bulk_vy bulk_vz BulkVelUnc n_core m200b m200c m500c m2500c Xoff Voff spin_bullock b_to_a c_to_a A[x] A[y] A[z] b_to_a(500c) c_to_a(500c) A[x](500c) A[y](500c) A[z](500c) Rs Rs_Klypin T/|U| M_pe_Behroozi M_pe_Diemer Type SM Gas BH idx i_so i_ph num_cp mmetric
#a = 0.090909
#Bounds: (-0.000196, -0.000196, 0.412900) - (0.557400, 0.520800, 0.509747)
#Om = 0.315000; Ol = 0.685000; h = 0.674000
#FOF linking length: 0.280000
#Unbound Threshold: 0.500000; FOF Refinement Threshold: 0.700000
#Particle mass: 8.14253e+01 Msun/h
#Box size: 1.000000 Mpc/h
#Total particles processed: 1493027
#Force resolution assumed: 0.000488281 Mpc/h
#Units: Masses in Msun / h
#Units: Positions in Mpc / h (comoving)
#Units: Velocities in km / s (physical, peculiar)
#Units: Halo Distances, Lengths, and Radii in kpc / h (comoving)
#Units: Angular Momenta in (Msun/h) * (Mpc/h) * km/s (physical)
#Units: Spins are dimensionless
#Units: Total energy in (Msun/h)*(km/s)^2 (physical)
#Note: idx, i_so, and i_ph are internal debugging quantities
#Np is an internal debugging quantity.
#Rockstar-Galaxies Version: 0.99.9-RC3-newA
332 421 8.061e+03 7.980e+03 0.496721 0.874898 0.493232 0.908751 0.431475 0.470327 0.508242 1.630065 -3.261238 10.224335 -0.0542485 -0.00983638 -0.0530819 54.4218 0.0230773 0.000041 0.096450 1.630065 -3.261238 10.224335 0.096450 97 0.000000e+00 0.000000e+00 0.000000e+00 0.000000e+00 8.319561 0.124094 0.172292 0.078584 0.014416 -0.151146 -0.057908 0.265116 0.000000 0.000000 0.000000 0.000000 0.000000 0.188586 0.188586 1.018156 1.025942e+04 1.296000e+04 0 0.000000e+00 0.000000e+00 0.000000e+00 0 35 -1 518 24.500025
333 1882 2.312e+04 2.264e+04 0.703157 1.280345 0.491170 0.941557 0.444129 0.469976 0.508565 4.582478 -5.904134 8.222425 -0.0119466 -0.0181884 -0.00422098 -13234.8 0.00769054 0.000010 0.066044 4.695582 -5.998435 8.246726 0.071959 99 2.133344e+04 2.133344e+04 0.000000e+00 0.000000e+00 2.989217 0.101905 0.008777 0.420276 0.373305 0.180607 0.025249 0.075652 0.000000 0.000000 0.000000 0.000000 0.000000 0.151071 0.169934 0.415949 5.575152e+04 1.944000e+04 0 0.000000e+00 0.000000e+00 0.000000e+00 35 -1 -1 6167 14.095644
334 605 2.141e+04 2.036e+04 0.678710 1.194764 0.647719 0.876457 0.462962 0.469003 0.508717 10.276375 -5.579750 8.212687 0.112391 0.0126178 -0.0701279 -8893.94 0.049352 0.000026 0.074044 10.246082 -5.410531 8.112668 0.074516 99 1.905353e+04 1.905353e+04 0.000000e+00 0.000000e+00 3.315895 0.349587 0.062893 0.598699 0.222058 -0.014089 0.248267 -0.067928 0.000000 0.000000 0.000000 0.000000 0.000000 0.671959 0.262009 0.512196 2.618305e+04 6.180300e+04 0 0.000000e+00 0.000000e+00 0.000000e+00 56 -1 -1 838 5.666889
335 95 8.875e+03 8.875e+03 0.514651 0.910185 0.488281 0.510407 0.462940 0.469526 0.508481 10.162145 -4.588625 8.084296 0.00334102 0.00394228 -0.0161196 -2611.24 0.0270998 0.000030 0.050128 10.143324 -4.567684 8.063145 0.048965 99 8.549661e+03 8.549661e+03 0.000000e+00 0.000000e+00 7.692946 0.159736 0.031914 0.546271 0.187111 0.166137 -0.032559 0.121405 0.000000 0.000000 0.000000 0.000000 0.000000 0.408924 0.177953 0.294985 7.480094e+03 1.020600e+04 0 0.000000e+00 0.000000e+00 0.000000e+00 59 56 -1 126 2.610482
336 1434 5.276e+04 5.097e+04 0.921642 1.672271 0.590995 1.276299 0.514703 0.476207 0.451302 -4.444311 4.413279 4.485466 -0.32957 0.497921 -0.615326 -58361.9 0.0820986 0.000021 0.159848 -4.255736 4.592086 4.755705 0.102116 99 4.918091e+04 4.918091e+04 3.232586e+04 0.000000e+00 1.382828 0.691563 0.087761 0.671368 0.424190 0.280986 -0.021559 -0.125956 0.893450 0.330908 0.218537 -0.044693 0.048890 0.542602 0.230167 0.421058 4.196522e+04 9.128700e+04 0 0.000000e+00 0.000000e+00 0.000000e+00 114 -1 -1 5388 10000000000.000000
337 645 1.661e+04 1.661e+04 0.634231 1.117104 0.626684 0.861313 0.513413 0.465158 0.502728 -11.760448 -4.105535 1.421804 0.0660852 0.00380998 -0.0261344 -6304.6 0.0369443 0.000029 0.068420 -11.804298 -4.104050 1.411769 0.061202 99 1.563367e+04 1.563367e+04 0.000000e+00 0.000000e+00 4.238235 0.030831 0.047206 0.836630 0.557634 0.115949 0.145245 0.152778 0.000000 0.000000 0.000000 0.000000 0.000000 0.586020 0.240767 0.490323 2.543056e+04 6.698700e+04 0 0.000000e+00 0.000000e+00 0.000000e+00 126 -1 -1 4708 10000000000.000000
338 563 1.116e+04 1.116e+04 0.555407 0.978921 0.550764 0.798705 0.518270 0.462999 0.498749 -11.157624 -3.872372 1.401434 -0.0146441 -0.0043247 0.000831581 -2351.41 0.0131172 0.000029 0.073845 -11.177179 -3.869608 1.362510 0.069619 99 1.001532e+04 1.001532e+04 0.000000e+00 0.000000e+00 6.200891 0.084839 0.019694 0.304703 0.201201 0.197631 -0.054897 0.060729 0.000000 0.000000 0.000000 0.000000 0.000000 0.549462 0.207076 0.593320 1.812989e+04 4.398300e+04 0 0.000000e+00 0.000000e+00 0.000000e+00 146 126 -1 3460 10.903915
339 310 1.865e+04 1.384e+04 0.596834 1.047776 0.596557 0.817618 0.498609 0.467953 0.496027 -13.741136 0.759047 3.052690 0.00472765 0.0285422 -0.0271972 -4829.61 0.0284591 0.000034 0.108091 -13.530300 1.239184 3.073543 0.109650 99 1.196953e+04 1.188810e+04 0.000000e+00 0.000000e+00 4.831851 0.082682 0.035689 0.858154 0.297189 -0.007801 0.247383 -0.086340 0.000000 0.000000 0.000000 0.000000 0.000000 0.565996 0.262433 0.466116 1.273784e+04 2.276100e+04 0 0.000000e+00 0.000000e+00 0.000000e+00 150 165 -1 365 2.317704
340 627 1.319e+04 1.303e+04 0.584895 1.029610 0.570551 0.663692 0.500924 0.468418 0.495632 -13.143138 3.052974 5.377985 -0.0178166 -0.0222378 -0.00269426 -5058.13 0.024429 0.000029 0.064397 -13.119616 3.094585 5.350323 0.056838 99 1.131812e+04 1.123670e+04 0.000000e+00 0.000000e+00 5.290730 0.110248 0.028460 0.415751 0.315081 -0.054978 -0.134460 0.186354 0.000000 0.000000 0.000000 0.000000 0.000000 0.371639 0.225840 0.350546 1.621341e+04 3.539700e+04 0 0.000000e+00 0.000000e+00 0.000000e+00 157 165 -1 776 3.504204
341 418 4.943e+04 4.918e+04 0.910717 1.600128 0.907293 1.161170 0.498476 0.469697 0.496498 -12.305824 3.921211 3.969839 -0.469895 0.310855 0.0860417 -45238.4 0.052542 0.000029 0.106421 -11.981425 4.253073 3.896838 0.047816 99 4.445824e+04 4.429539e+04 0.000000e+00 0.000000e+00 1.206639 0.481058 0.061922 0.719411 0.421602 0.241963 0.056200 -0.205884 0.000000 0.000000 0.000000 0.000000 0.000000 0.888104 0.378200 0.462887 4.028786e+04 5.807700e+04 0 0.000000e+00 0.000000e+00 0.000000e+00 159 165 -1 719 2.189811
342 1993 8.957e+04 8.485e+04 1.092262 1.917889 1.090294 2.074570 0.499087 0.469146 0.496223 -12.463583 2.814855 6.239362 -3.05306 -2.03137 -2.68089 -26473.4 0.0819501 0.000025 0.128952 -12.431341 3.284667 4.831679 0.067062 99 7.556272e+04 7.548130e+04 0.000000e+00 0.000000e+00 0.805453 1.482712 0.198877 0.827871 0.412504 -0.146654 0.243404 0.246151 0.000000 0.000000 0.000000 0.000000 0.000000 1.075539 0.471929 0.873715 1.052557e+05 2.719980e+05 0 0.000000e+00 0.000000e+00 0.000000e+00 165 -1 -1 3928 10000000000.000000
343 879 5.553e+04 5.488e+04 0.944621 1.658005 0.944557 1.817606 0.452983 0.488770 0.488270 6.141276 -10.098716 6.120547 -0.135042 0.248218 -0.410859 -8041.92 0.0147347 0.000024 0.179037 6.098977 -9.894872 6.141981 0.072002 99 4.209690e+04 4.209690e+04 0.000000e+00 0.000000e+00 1.166296 0.192806 0.045127 0.328238 0.298930 -0.040282 0.278554 0.220151 0.000000 0.000000 0.000000 0.000000 0.000000 0.934253 0.428494 0.916487 5.670148e+04 1.203660e+05 0 0.000000e+00 0.000000e+00 0.000000e+00 171 182 -1 1532 3.463406
344 166 9.364e+03 9.120e+03 0.519330 0.925489 0.503750 0.782828 0.452224 0.489117 0.488261 6.316130 -9.406532 6.680878 0.0116008 -0.00708019 0.0191388 -1235.02 0.024148 0.000030 0.086849 6.325180 -9.421500 6.702115 0.081004 99 8.875362e+03 8.793938e+03 0.000000e+00 0.000000e+00 7.408407 0.126582 0.042299 0.451566 0.130605 -0.026511 -0.078594 0.183575 0.000000 0.000000 0.000000 0.000000 0.000000 0.501994 0.158835 0.689451 8.114979e+03 1.320300e+04 0 0.000000e+00 0.000000e+00 0.000000e+00 173 171 -1 166 1.814352
345 163 2.492e+04 2.198e+04 0.696347 1.232724 0.534922 0.984379 0.452895 0.489273 0.488836 6.056609 -11.171494 4.844143 -0.0232583 -0.0481357 0.0588132 -9258.9 0.0248107 0.000027 0.158399 5.956434 -11.315986 4.716679 0.079908 99 2.084489e+04 2.084489e+04 0.000000e+00 0.000000e+00 3.046496 0.504706 0.033042 0.633665 0.436930 -0.045443 0.194026 0.184416 0.000000 0.000000 0.000000 0.000000 0.000000 0.692855 0.236410 0.586549 1.806352e+04 2.519100e+04 0 0.000000e+00 0.000000e+00 0.000000e+00 175 171 -1 340 1.862923
346 1020 4.031e+04 3.729e+04 0.830474 1.458733 0.825568 1.469938 0.454364 0.489555 0.489667 5.202445 -7.804599 7.301862 -0.331245 -0.116084 0.181142 -8758.49 0.0319994 0.000028 0.116871 5.239318 -8.199565 7.221662 0.081968 99 3.224444e+04 3.224444e+04 0.000000e+00 0.000000e+00 1.897450 0.185160 0.068058 0.800434 0.470450 0.291985 -0.094720 0.106266 0.000000 0.000000 0.000000 0.000000 0.000000 0.824930 0.350245 0.827951 6.416400e+04 1.769850e+05 0 0.000000e+00 0.000000e+00 0.000000e+00 182 -1 -1 3089 10000000000.000000
347 206 1.563e+04 1.547e+04 0.619377 1.088656 0.617607 1.090346 0.454321 0.488999 0.490085 5.097639 -7.937403 7.516986 -0.0347204 -0.110282 0.0409265 -1424.05 0.0361455 0.000032 0.111349 5.190761 -7.923018 7.636359 0.080908 99 1.433086e+04 1.433086e+04 0.000000e+00 0.000000e+00 4.236576 0.104515 0.091588 0.450208 0.302161 0.183772 -0.094245 0.150262 0.000000 0.000000 0.000000 0.000000 0.000000 0.574752 0.252674 0.868330 1.771238e+04 2.600100e+04 0 0.000000e+00 0.000000e+00 0.000000e+00 183 182 -1 326 1.301066
348 885 1.026e+04 1.026e+04 0.540125 0.962670 0.490532 0.864245 0.451924 0.495778 0.474241 2.913471 -6.397331 8.195584 -0.00531277 -0.035612 0.00784212 -1275.2 0.0286957 0.000019 0.075223 2.843942 -6.369972 8.208838 0.078813 99 9.771042e+03 9.771042e+03 0.000000e+00 0.000000e+00 6.556059 0.131325 0.054567 0.878495 0.248362 0.144541 0.119901 -0.050633 0.000000 0.000000 0.000000 0.000000 0.000000 0.224117 0.164906 0.742195 3.371227e+04 2.551500e+04 0 0.000000e+00 0.000000e+00 0.000000e+00 193 -1 -1 1627 10000000000.000000
349 413 1.124e+04 1.124e+04 0.556755 0.978375 0.539304 1.565659 0.501954 0.466146 0.505727 -13.853274 0.478571 1.213676 -0.0273123 -0.0587196 0.0493763 7982.91 0.126392 0.000038 0.159412 -13.785249 0.525079 1.319608 0.136475 99 9.445340e+03 9.445340e+03 0.000000e+00 0.000000e+00 6.194590 0.198260 0.103625 0.401181 0.222380 0.193701 -0.113147 -0.066283 0.000000 0.000000 0.000000 0.000000 0.000000 0.551807 0.229375 2.365740 1.199753e+04 3.142800e+04 0 0.000000e+00 0.000000e+00 0.000000e+00 201 203 -1 434 2.895877
350 794 1.116e+04 1.091e+04 0.551323 0.967863 0.551083 0.881126 0.500734 0.467110 0.506114 -13.043594 -0.003038 1.399675 0.00131978 0.0234241 -0.031155 -1321.41 0.026506 0.000025 0.087562 -13.110478 -0.003044 1.346304 0.079131 99 0.000000e+00 0.000000e+00 0.000000e+00 0.000000e+00 6.469917 0.081498 0.052123 0.225032 0.115022 -0.110133 0.189566 0.040927 0.000000 0.000000 0.000000 0.000000 0.000000 0.548938 0.242807 0.758763 3.637520e+04 8.675100e+04 0 0.000000e+00 0.000000e+00 0.000000e+00 203 -1 -1 1321 10000000000.000000
351 734 2.296e+04 2.223e+04 0.698916 1.240580 0.548194 0.777153 0.528497 0.461803 0.491458 -9.399790 -3.667342 3.331250 -0.0394268 -0.0154251 0.0299099 -15095.9 0.0200988 0.000022 0.062806 -9.330197 -3.574504 3.220957 0.057688 99 2.043776e+04 2.043776e+04 0.000000e+00 0.000000e+00 3.167582 0.159794 0.021156 0.813874 0.493864 0.038035 0.175494 -0.138695 0.000000 0.000000 0.000000 0.000000 0.000000 0.377247 0.226738 0.303177 2.486226e+04 4.066200e+04 0 0.000000e+00 0.000000e+00 0.000000e+00 224 -1 -1 1237 10000000000.000000
352 75 8.550e+03 8.387e+03 0.505029 0.893818 0.491860 0.857947 0.516724 0.463875 0.491451 -9.267962 1.819514 3.986675 0.0122316 -0.0112048 0.0241493 -269.388 0.0173557 0.000024 0.093518 -9.275178 1.808961 3.990271 0.091690 99 0.000000e+00 0.000000e+00 0.000000e+00 0.000000e+00 8.241019 0.087140 0.060707 0.623143 0.418547 -0.069621 0.154962 0.114351 0.000000 0.000000 0.000000 0.000000 0.000000 0.302329 0.172242 0.918928 7.077054e+03 9.639000e+03 0 0.000000e+00 0.000000e+00 0.000000e+00 227 231 -1 121 2.149897
353 682 3.542e+04 3.290e+04 0.796461 1.400847 0.781343 0.866208 0.516581 0.464492 0.491268 -9.144024 1.193622 3.478071 -0.149351 -0.0719683 -0.0401899 -29455.6 0.0346812 0.000028 0.106312 -9.200952 1.067392 3.747896 0.075513 99 3.061593e+04 3.053451e+04 0.000000e+00 0.000000e+00 2.033936 0.299969 0.036230 0.324534 0.215471 0.022685 -0.120959 0.268268 0.000000 0.000000 0.000000 0.000000 0.000000 0.791901 0.316366 0.299320 2.732320e+04 6.180300e+04 0 0.000000e+00 0.000000e+00 0.000000e+00 231 -1 -1 892 10000000000.000000
354 729 8.875e+03 8.550e+03 0.508277 0.898234 0.501360 0.555618 0.516615 0.466701 0.482971 -9.532567 1.086117 3.675373 -0.0039496 0.00265147 0.00903466 -2194.87 0.0164548 0.000026 0.081970 -9.526641 1.031567 3.650823 0.096877 99 0.000000e+00 0.000000e+00 0.000000e+00 0.000000e+00 8.045855 0.136119 0.020489 0.825978 0.408437 -0.097349 0.170247 0.029799 0.000000 0.000000 0.000000 0.000000 0.000000 0.387610 0.178395 0.366592 1.131337e+04 2.770200e+04 0 0.000000e+00 0.000000e+00 0.000000e+00 246 -1 -1 747 10000000000.000000
355 250 1.124e+04 1.124e+04 0.556755 1.001006 0.488281 1.046380 0.533657 0.469564 0.468462 -8.332342 -4.834722 1.669464 -0.0110454 0.00537407 0.0305139 41.9693 0.00370162 0.000023 0.100037 -8.184933 -4.883744 1.639873 0.091194 99 1.099242e+04 1.099242e+04 0.000000e+00 0.000000e+00 6.202576 0.211280 0.041855 0.853823 0.468729 0.024273 -0.036088 0.170629 0.000000 0.000000 0.000000 0.000000 0.000000 0.188370 0.152713 1.007068 9.521788e+03 1.377000e+04 0 0.000000e+00 0.000000e+00 0.000000e+00 353 -1 -1 331 10000000000.000000
356 317 8.305e+03 8.305e+03 0.503390 0.897088 0.488281 0.605130 0.521347 0.442496 0.507422 -6.668926 4.308296 5.308354 -0.00330529 3.69576e-05 -0.00199879 -1702.45 0.00589463 0.000033 0.061886 -6.667162 4.306431 5.308348 0.061313 99 0.000000e+00 0.000000e+00 0.000000e+00 0.000000e+00 8.340541 0.095702 0.008135 0.588074 0.485510 -0.110811 0.166631 0.022609 0.000000 0.000000 0.000000 0.000000 0.000000 0.397517 0.153945 0.475248 8.168556e+03 2.041200e+04 0 0.000000e+00 0.000000e+00 0.000000e+00 370 -1 -1 317 10000000000.000000
357 225 8.224e+03 8.143e+03 0.500078 0.879344 0.498221 0.655786 0.501411 0.446490 0.509271 -6.581215 6.643919 5.365475 0.0143234 0.00566174 0.00318923 -1407.74 0.0229331 0.000039 0.069499 -6.581215 6.643919 5.365475 0.069499 99 0.000000e+00 0.000000e+00 0.000000e+00 0.000000e+00 8.415726 0.112750 0.034235 0.878162 0.140408 -0.092316 -0.110348 0.178543 0.000000 0.000000 0.000000 0.000000 0.000000 0.200441 0.200441 0.549998 8.232744e+03 1.287900e+04 0 0.000000e+00 0.000000e+00 0.000000e+00 374 -1 -1 313 10000000000.000000
358 811 2.606e+04 2.272e+04 0.703999 1.238962 0.700210 0.803362 0.484375 0.480919 0.492331 -9.984003 2.087402 15.083480 0.0353656 -0.0348662 0.0759275 -14232.8 0.0323508 0.000029 0.065320 -10.133859 2.290101 14.909381 0.078754 99 2.084489e+04 2.084489e+04 0.000000e+00 0.000000e+00 3.023373 0.164001 0.035712 0.449926 0.097456 0.252759 0.126386 0.110804 0.000000 0.000000 0.000000 0.000000 0.000000 0.671283 0.273992 0.361431 2.171263e+04 4.860000e+04 0 0.000000e+00 0.000000e+00 0.000000e+00 4603 10356 -1 890 21.848677
359 515 1.335e+04 1.335e+04 0.589729 1.040836 0.568977 0.682965 0.487740 0.476430 0.487386 -10.265667 -15.791565 8.856305 0.000152228 -0.0362078 0.0243616 -5212.04 0.0355468 0.000027 0.060519 -10.289636 -15.794939 8.826085 0.053553 99 1.229523e+04 1.229523e+04 0.000000e+00 0.000000e+00 5.108709 0.131160 0.041648 0.235862 0.160970 0.068389 0.132944 0.177652 0.000000 0.000000 0.000000 0.000000 0.000000 0.483801 0.212754 0.361034 1.552494e+04 4.155300e+04 0 0.000000e+00 0.000000e+00 0.000000e+00 4623 10356 -1 689 34.963131
360 613 2.003e+04 1.946e+04 0.668606 1.173657 0.668429 0.812521 0.486497 0.479658 0.488167 -9.138400 1.885083 10.818977 -0.0642424 -0.0452331 0.00696449 -9405.14 0.033663 0.000024 0.101712 -9.053486 1.769989 10.853187 0.065262 99 1.652935e+04 1.652935e+04 0.000000e+00 0.000000e+00 3.557125 0.248859 0.040183 0.305377 0.241919 0.239311 0.037634 -0.089394 0.000000 0.000000 0.000000 0.000000 0.000000 0.639983 0.297655 0.429185 1.836432e+04 4.527900e+04 0 0.000000e+00 0.000000e+00 0.000000e+00 4632 10356 -1 687 32.063728
361 537 1.262e+04 1.238e+04 0.574979 1.010372 0.573615 0.835007 0.489331 0.478642 0.487324 -7.669377 -1.319458 11.020623 -0.0105989 -0.0266237 0.0243195 -2448.17 0.0253708 0.000032 0.088977 -7.677510 -1.263883 11.034902 0.071044 99 8.956788e+03 8.956788e+03 0.000000e+00 0.000000e+00 5.435035 0.107152 0.040710 0.219593 0.073184 0.200521 0.057353 -0.089560 0.000000 0.000000 0.000000 0.000000 0.000000 0.569326 0.237206 0.650491 1.646521e+04 3.337200e+04 0 0.000000e+00 0.000000e+00 0.000000e+00 4635 10356 -1 573 33.104141
362 909 2.158e+04 2.133e+04 0.689400 1.211456 0.687743 0.950459 0.487427 0.481606 0.494867 -11.247401 -0.436813 16.770588 0.0124314 -0.0656493 0.0363387 -9289.98 0.0256398 0.000031 0.072637 -11.298428 -0.602210 16.709806 0.063197 99 1.921638e+04 1.921638e+04 0.000000e+00 0.000000e+00 3.197373 0.185124 0.033245 0.503585 0.182520 0.136872 0.006794 0.268484 0.000000 0.000000 0.000000 0.000000 0.000000 0.686239 0.284192 0.523867 2.126262e+04 4.932900e+04 0 0.000000e+00 0.000000e+00 0.000000e+00 4687 10356 -1 932 21.588343
363 865 3.224e+04 3.224e+04 0.791169 1.398127 0.496646 1.025788 0.474625 0.487225 0.494514 10.388254 -10.954327 10.943384 -0.024218 -0.186381 0.00723523 -24903.5 0.0369627 0.000022 0.082642 10.494211 -10.999196 10.760435 0.051953 99 2.963883e+04 2.963883e+04 0.000000e+00 0.000000e+00 2.113370 0.225293 0.041299 0.805016 0.499774 -0.133616 0.224022 -0.073310 0.000000 0.000000 0.000000 0.000000 0.000000 0.760199 0.277836 0.413106 3.677422e+04 8.253900e+04 0 0.000000e+00 0.000000e+00 0.000000e+00 4723 10356 -1 1051 25.818850
364 1437 5.195e+04 4.478e+04 0.882724 1.550164 0.872135 1.952216 0.477479 0.492199 0.491177 1.979694 -20.616909 5.837273 0.0748516 0.455489 -1.2491 17845.9 0.0974475 0.000024 0.169716 1.845514 -20.296707 5.626093 0.120345 99 3.826991e+04 3.818849e+04 0.000000e+00 0.000000e+00 1.438175 0.650935 0.169122 0.505416 0.310421 0.262572 0.133856 -0.026951 0.000000 0.000000 0.000000 0.000000 0.000000 0.667138 0.377722 1.239242 6.050111e+04 1.274940e+05 0 0.000000e+00 0.000000e+00 0.000000e+00 4829 4837 -1 2401 2.844420
365 894 1.034e+04 9.120e+03 0.519330 0.914818 0.515571 1.529333 0.503005 0.473960 0.462261 -5.964242 -7.486181 9.265213 0.017644 0.0808266 -0.0154127 6831.43 0.203609 0.000045 0.169931 -6.014656 -7.486769 9.229304 0.161471 99 0.000000e+00 0.000000e+00 0.000000e+00 0.000000e+00 7.434065 0.195375 0.151643 0.866961 0.414458 0.083897 -0.019797 0.196106 0.000000 0.000000 0.000000 0.000000 0.000000 0.509364 0.196578 2.699749 1.065063e+04 3.061800e+04 0 0.000000e+00 0.000000e+00 0.000000e+00 4878 5271 -1 1439 11.666794
366 1145 3.518e+04 2.923e+04 0.765718 1.345311 0.762040 1.497970 0.497034 0.476500 0.471655 -10.301105 -2.287232 9.949292 -0.0297828 -0.308405 -0.0992697 3827.51 0.0320326 0.000021 0.110124 -10.107473 -2.304878 9.514144 0.090111 99 2.271767e+04 2.271767e+04 0.000000e+00 0.000000e+00 2.400600 0.506528 0.084129 0.490347 0.222402 -0.016050 -0.147545 0.233094 0.000000 0.000000 0.000000 0.000000 0.000000 0.759044 0.318666 1.112560 3.655350e+04 6.731100e+04 0 0.000000e+00 0.000000e+00 0.000000e+00 4936 5708 -1 1296 6.976303
367 218 1.783e+04 1.726e+04 0.642416 1.131871 0.604425 1.039334 0.502230 0.474623 0.473261 -9.793519 -5.533710 10.950438 0.00364292 -0.0645966 0.00982412 -3974.48 0.0244998 0.000032 0.122426 -9.811452 -5.586442 10.950663 0.081567 99 1.636649e+04 1.636649e+04 0.000000e+00 0.000000e+00 3.895424 0.131948 0.040709 0.336779 0.158342 0.250395 -0.147260 -0.064273 0.000000 0.000000 0.000000 0.000000 0.000000 0.636255 0.241798 0.709360 1.422859e+04 2.421900e+04 0 0.000000e+00 0.000000e+00 0.000000e+00 5002 5006 -1 336 1.658968
368 544 1.710e+04 1.539e+04 0.618289 1.086473 0.616828 1.599072 0.502465 0.478326 0.473193 -10.195715 -1.475822 8.281236 -0.107377 -0.0739301 0.0606181 9061.22 0.108298 0.000030 0.163388 -10.106834 -1.487121 8.078505 0.122138 99 1.376088e+04 1.359803e+04 0.000000e+00 0.000000e+00 4.494259 0.221254 0.108305 0.586683 0.156301 0.253395 -0.041919 -0.014145 0.000000 0.000000 0.000000 0.000000 0.000000 0.613076 0.255130 1.848260 1.528900e+04 3.442500e+04 0 0.000000e+00 0.000000e+00 0.000000e+00 5007 5891 -1 728 5.414648
369 693 1.441e+04 1.140e+04 0.559431 0.985713 0.555095 1.379969 0.504432 0.478864 0.473997 -7.289309 -0.255380 9.848992 0.0100444 0.0288805 -0.0093203 5029.73 0.0379889 0.000020 0.168338 -7.173549 -0.451893 9.852005 0.148326 99 1.042244e+04 1.042244e+04 0.000000e+00 0.000000e+00 6.095952 0.180310 0.039711 0.321354 0.180129 0.141143 -0.020657 0.137362 0.000000 0.000000 0.000000 0.000000 0.000000 0.223425 0.210265 1.803513 1.025863e+04 1.692900e+04 0 0.000000e+00 0.000000e+00 0.000000e+00 5014 5891 -1 705 6.833174
370 2576 6.131e+04 5.048e+04 0.918688 1.615748 0.909019 1.987920 0.507505 0.475640 0.457829 -4.343310 -9.074050 9.531964 -0.276335 0.272563 -0.0397257 23579 0.0243246 0.000015 0.212738 -4.138139 -8.471845 9.412700 0.117954 99 4.486537e+04 4.486537e+04 0.000000e+00 0.000000e+00 1.230909 0.669821 0.040582 0.905688 0.560797 0.242394 -0.068837 0.207403 0.000000 0.000000 0.000000 0.000000 0.000000 0.901202 0.365544 1.268732 4.505457e+04 1.348650e+05 0 0.000000e+00 0.000000e+00 0.000000e+00 5028 5271 -1 3633 7.454328
371 227 1.449e+04 1.042e+04 0.542968 0.968541 0.488709 1.799649 0.507177 0.472761 0.463485 -2.324295 -6.607502 10.025149 -0.032467 0.0244047 0.0624297 11673 0.1687 0.000023 0.190939 -2.484575 -6.685365 9.912507 0.170319 99 9.852467e+03 9.852467e+03 0.000000e+00 0.000000e+00 6.571877 0.189307 0.107427 0.537206 0.437461 0.183263 0.068844 0.070867 0.000000 0.000000 0.000000 0.000000 0.000000 0.208688 0.163912 3.189620 8.895628e+03 1.263600e+04 0 0.000000e+00 0.000000e+00 0.000000e+00 5140 5141 -1 308 1.936981
372 238 1.629e+04 1.270e+04 0.579979 1.018585 0.579255 1.309600 0.506621 0.473694 0.463634 -2.559035 -6.673413 10.038923 0.0547247 0.107188 -0.0435816 3624.19 0.0985166 0.000020 0.148333 -2.710793 -6.605918 10.054356 0.136331 99 1.131812e+04 1.131812e+04 0.000000e+00 0.000000e+00 5.304680 0.157436 0.132763 0.253174 0.155766 0.203138 0.073064 0.090038 0.000000 0.000000 0.000000 0.000000 0.000000 0.351886 0.246913 1.468716 1.660529e+04 3.312900e+04 0 0.000000e+00 0.000000e+00 0.000000e+00 5141 5143 -1 664 1.334132
373 1497 6.082e+04 5.496e+04 0.945088 1.661403 0.942092 2.185481 0.506965 0.474271 0.464063 -1.858278 -5.321718 10.650681 -0.236032 -0.575587 0.949773 30749.5 0.0653602 0.000025 0.225197 -2.290460 -5.868198 10.316161 0.097108 99 5.097227e+04 5.080942e+04 2.841745e+04 0.000000e+00 1.442891 0.538659 0.102494 0.453196 0.210016 0.325117 0.064330 0.094481 0.196706 0.084688 0.242958 0.037652 0.002819 0.937700 0.382973 1.278291 6.764174e+04 1.490400e+05 0 0.000000e+00 0.000000e+00 0.000000e+00 5143 5271 -1 2667 5.184822
374 112 1.743e+04 1.637e+04 0.631107 1.166554 0.501075 1.030705 0.507016 0.478490 0.466713 -3.761198 -3.903500 6.298233 0.0211446 0.0152518 0.0376159 -3453.45 0.0182477 0.000036 0.105863 -3.821815 -3.921622 6.289041 0.077888 99 1.612222e+04 1.612222e+04 0.000000e+00 0.000000e+00 4.151779 0.056146 0.031116 0.721093 0.655822 -0.063843 -0.085345 0.242213 0.000000 0.000000 0.000000 0.000000 0.000000 0.607319 0.134470 0.725936 1.418049e+04 1.717200e+04 0 0.000000e+00 0.000000e+00 0.000000e+00 5179 5185 -1 225 1.886283
375 1023 8.582e+04 8.200e+04 1.079893 1.896136 1.077950 1.379548 0.506385 0.478783 0.467077 -4.476274 -3.800610 6.989401 0.529834 1.45672 0.0189513 -108582 0.0616888 0.000026 0.101013 -4.045001 -4.000379 6.894166 0.047079 99 7.523702e+04 7.515559e+04 0.000000e+00 0.000000e+00 0.688771 0.493971 0.071846 0.922163 0.575950 0.338829 -0.142511 -0.079671 0.000000 0.000000 0.000000 0.000000 0.000000 1.057671 0.467263 0.461616 6.967705e+04 1.240920e+05 0 0.000000e+00 0.000000e+00 0.000000e+00 5185 5271 -1 1808 4.218029
376 157 1.808e+04 1.702e+04 0.639371 1.146543 0.591985 1.420285 0.506749 0.478170 0.467588 -3.551552 -4.598338 7.218827 0.0816085 0.126665 0.0259869 4223.48 0.0611504 0.000030 0.150058 -3.445081 -4.635592 7.270531 0.100651 99 1.677362e+04 1.677362e+04 0.000000e+00 0.000000e+00 3.915839 0.152345 0.097411 0.345659 0.333984 -0.117031 0.011183 0.240548 0.000000 0.000000 0.000000 0.000000 0.000000 0.623898 0.180680 1.316017 1.431282e+04 2.154600e+04 0 0.000000e+00 0.000000e+00 0.000000e+00 5186 5185 -1 331 1.815149
377 1011 2.337e+04 2.247e+04 0.701467 1.232368 0.700113 0.907259 0.500325 0.476792 0.470372 -11.958149 2.983386 4.313476 0.009694 0.103622 0.0170755 -13428.2 0.0375285 0.000013 0.068508 -11.859848 3.023449 4.448707 0.072763 99 2.035634e+04 2.035634e+04 0.000000e+00 0.000000e+00 3.053907 0.141645 0.042267 0.389514 0.250684 0.195891 -0.100631 0.027277 0.000000 0.000000 0.000000 0.000000 0.000000 0.235155 0.292650 0.388586 3.057319e+04 3.150900e+04 0 0.000000e+00 0.000000e+00 0.000000e+00 5205 5708 -1 1155 13.725432
378 408 9.852e+03 8.224e+03 0.501739 0.888249 0.488281 0.917111 0.500837 0.479441 0.470539 -11.038469 5.423530 5.454230 0.00608642 0.0281463 -0.0161041 371.385 0.0241022 0.000024 0.126946 -11.025969 5.426741 5.500406 0.120887 99 0.000000e+00 0.000000e+00 0.000000e+00 0.000000e+00 8.323736 0.286661 0.070639 0.692428 0.133959 -0.083682 0.148300 0.022749 0.000000 0.000000 0.000000 0.000000 0.000000 0.170223 0.170223 1.113909 8.653402e+03 1.215000e+04 0 0.000000e+00 0.000000e+00 0.000000e+00 5210 5891 -1 408 5.697100
379 1030 1.164e+04 1.132e+04 0.558096 0.982780 0.526503 0.653821 0.508337 0.475283 0.469879 -11.922764 2.883306 3.703632 -0.00065032 0.0213454 0.0141543 -3461.71 0.0257161 0.000027 0.099327 -11.930511 2.897860 3.678928 0.097005 99 1.074815e+04 1.074815e+04 0.000000e+00 0.000000e+00 6.160631 0.104541 0.032208 0.497492 0.333794 -0.072793 0.004483 0.201133 0.000000 0.000000 0.000000 0.000000 0.000000 0.553389 0.213248 0.422899 3.020787e+04 7.524900e+04 0 0.000000e+00 0.000000e+00 0.000000e+00 5222 5708 -1 1506 22.077618
380 1264 4.535e+04 4.373e+04 0.875714 1.537150 0.875551 1.168380 0.512040 0.472296 0.468656 -11.554293 1.650524 3.346321 0.0822234 0.0642632 0.184829 -38973.3 0.024368 0.000034 0.085857 -11.468983 1.478729 3.272504 0.058423 99 3.875846e+04 3.875846e+04 0.000000e+00 0.000000e+00 1.531998 0.174413 0.028052 0.707097 0.431527 -0.088397 -0.006308 0.318861 0.000000 0.000000 0.000000 0.000000 0.000000 0.861269 0.392246 0.439309 5.112294e+04 1.488780e+05 0 0.000000e+00 0.000000e+00 0.000000e+00 5227 5708 -1 2563 25.680092
381 280 8.387e+03 8.143e+03 0.500078 0.877804 0.499971 1.018553 0.512083 0.472650 0.467591 -11.236756 1.710385 2.759686 -0.00314288 -0.0191303 0.0149136 996.997 0.0300128 0.000016 0.115338 -11.259813 1.697441 2.751745 0.114880 99 0.000000e+00 0.000000e+00 0.000000e+00 0.000000e+00 8.357859 0.149045 0.053238 0.675790 0.541660 -0.005643 -0.088894 0.143272 0.000000 0.000000 0.000000 0.000000 0.000000 0.223480 0.223480 1.313372 7.113210e+03 1.287900e+04 0 0.000000e+00 0.000000e+00 0.000000e+00 5228 5227 -1 280 2.266369
382 94 1.173e+04 1.132e+04 0.558096 0.981462 0.555914 0.861196 0.512058 0.472480 0.469372 -11.441290 1.042386 3.640745 0.0152747 0.00438083 0.0490727 -1801.67 0.0373514 0.000035 0.090248 -11.387487 1.101381 3.693042 0.079158 99 1.009674e+04 1.009674e+04 0.000000e+00 0.000000e+00 5.917448 0.117603 0.064844 0.826667 0.277201 0.087058 0.100219 0.187651 0.000000 0.000000 0.000000 0.000000 0.000000 0.552994 0.222851 0.701565 9.461356e+03 1.425600e+04 0 0.000000e+00 0.000000e+00 0.000000e+00 5231 5227 -1 194 1.667366
383 690 1.034e+04 8.550e+03 0.508277 0.898100 0.501510 0.609215 0.498720 0.487163 0.463166 -3.706281 -11.997075 6.887918 0.00807685 0.00389768 0.00100027 -1895.95 0.0135158 0.000034 0.111454 -3.682279 -12.039941 6.874558 0.101322 99 0.000000e+00 0.000000e+00 0.000000e+00 0.000000e+00 7.993725 0.247133 0.018107 0.809033 0.174785 -0.104353 -0.019512 0.178224 0.000000 0.000000 0.000000 0.000000 0.000000 0.439088 0.178942 0.465793 1.932185e+04 4.155300e+04 0 0.000000e+00 0.000000e+00 0.000000e+00 5246 5708 -1 1137 32.617451
384 11509 4.040e+05 3.250e+05 1.709101 3.016009 1.447594 3.701599 0.507455 0.478402 0.464252 -4.329034 -1.683360 9.946903 2.23204 1.35493 10.2592 6154.87 0.00320544 0.000018 0.256525 -5.133172 -2.198980 9.091951 0.080866 99 3.064036e+05 3.062407e+05 8.769510e+04 0.000000e+00 0.155158 0.319540 0.049411 0.495547 0.335824 -0.128487 0.501962 -0.008736 0.659615 0.367146 -0.022584 0.287830 0.075413 0.694669 0.618695 1.002744 4.470844e+05 5.657850e+05 0 0.000000e+00 0.000000e+00 0.000000e+00 5271 5708 -1 29494 10.437841
385 258 3.249e+04 2.565e+04 0.733063 1.548716 0.488281 1.824087 0.507354 0.479204 0.464164 -5.474825 -0.767036 9.740350 0.301861 0.201897 0.0375506 11958.7 0.0881011 0.000023 0.193735 -5.193839 -0.621421 9.902327 0.113920 99 2.564898e+04 2.564898e+04 2.499758e+04 0.000000e+00 2.625403 0.399698 0.117393 0.786278 0.738895 -0.111508 -0.031915 0.160541 0.867011 0.781734 -0.097580 -0.031152 0.149806 0.116498 0.073694 1.368130 3.369041e+04 2.413800e+04 0 0.000000e+00 0.000000e+00 0.000000e+00 5272 5271 -1 404 1.363247
386 494 1.303e+04 8.957e+03 0.516220 0.909683 0.512097 1.406817 0.497815 0.470193 0.476738 -1.605810 -7.900209 7.623771 0.0458094 0.0323525 0.092076 4975.24 0.232863 0.000035 0.176489 -1.660839 -7.927557 7.584219 0.158014 99 0.000000e+00 0.000000e+00 0.000000e+00 0.000000e+00 7.577032 0.203109 0.200202 0.456490 0.225545 0.208617 -0.041579 -0.070408 0.000000 0.000000 0.000000 0.000000 0.000000 0.505533 0.193409 2.234985 7.555773e+03 1.441800e+04 0 0.000000e+00 0.000000e+00 0.000000e+00 5364 5708 -1 562 8.786572
387 277 1.262e+04 1.197e+04 0.568604 1.029596 0.490614 0.998133 0.500011 0.473453 0.478819 -3.137646 -13.758254 3.407097 0.0660303 0.012104 0.0109299 -826.221 0.0289981 0.000024 0.098553 -3.202190 -13.791396 3.554432 0.121309 99 1.156240e+04 1.156240e+04 0.000000e+00 0.000000e+00 5.689439 0.062299 0.077893 0.760609 0.558693 0.047418 0.142196 0.135503 0.000000 0.000000 0.000000 0.000000 0.000000 0.280722 0.144838 0.878183 1.055896e+04 1.466100e+04 0 0.000000e+00 0.000000e+00 0.000000e+00 5502 5708 -1 315 7.879935
388 926 3.509e+04 2.492e+04 0.726014 1.325892 0.593872 1.654742 0.500370 0.472735 0.478933 -7.512119 -10.802116 3.162919 -0.0586701 -0.232188 0.0972997 5555.65 0.0457123 0.000021 0.151912 -6.919185 -11.123247 3.538434 0.118054 99 2.426475e+04 2.426475e+04 0.000000e+00 0.000000e+00 2.757110 0.147834 0.087228 0.627740 0.267167 0.215796 -0.128595 -0.038167 0.000000 0.000000 0.000000 0.000000 0.000000 0.307962 0.170864 1.192863 2.098533e+04 3.045600e+04 0 0.000000e+00 0.000000e+00 0.000000e+00 5504 5708 -1 997 5.664032
389 233 1.897e+04 1.417e+04 0.601479 1.110759 0.493353 1.279671 0.497243 0.477934 0.477557 -3.339886 -3.592071 10.926615 0.0113629 0.0350887 -0.0316175 1958.85 0.0209217 0.000023 0.195143 -3.255642 -3.533257 10.935835 0.113075 99 1.392373e+04 1.392373e+04 0.000000e+00 0.000000e+00 4.813028 0.430991 0.042002 0.611685 0.179955 0.236987 -0.012264 -0.002360 0.000000 0.000000 0.000000 0.000000 0.000000 0.376664 0.129089 1.177351 1.230368e+04 1.441800e+04 0 0.000000e+00 0.000000e+00 0.000000e+00 5602 5708 -1 233 4.476320
390 360 3.192e+04 2.956e+04 0.768552 1.382635 0.648904 1.379500 0.495445 0.475273 0.480232 -3.752822 -6.127194 8.378812 -0.0963214 -0.146159 -0.38294 -5896.36 0.0500465 0.000019 0.194206 -4.148212 -5.913332 8.320778 0.081701 99 2.906885e+04 2.906885e+04 0.000000e+00 0.000000e+00 2.389675 0.535169 0.106880 0.707871 0.303815 0.010774 0.257767 -0.010161 0.000000 0.000000 0.000000 0.000000 0.000000 0.603623 0.209410 0.847193 2.465114e+04 3.045600e+04 0 0.000000e+00 0.000000e+00 0.000000e+00 5613 5708 -1 403 4.464368
391 243 1.979e+04 1.067e+04 0.547177 0.992909 0.492370 1.354833 0.496529 0.475140 0.479282 -2.684168 -6.159189 5.693630 -0.0484092 -0.102733 -0.078948 9476 0.266384 0.000017 0.348299 -2.815419 -6.182826 6.245867 0.244567 99 1.050387e+04 1.050387e+04 0.000000e+00 0.000000e+00 6.439300 1.157672 0.191949 0.785375 0.445894 -0.129794 -0.016133 0.137148 0.000000 0.000000 0.000000 0.000000 0.000000 0.157532 0.136539 2.394970 9.742123e+03 1.069200e+04 0 0.000000e+00 0.000000e+00 0.000000e+00 5634 5708 -1 243 2.798534
392 67786 4.073e+06 3.916e+06 3.917977 6.876939 3.917620 7.301075 0.497457 0.475251 0.477476 -5.193263 -5.417925 8.253188 509.032 408.797 52.2505 -4.76125e+07 0.0346258 0.000007 0.142196 -5.062414 -5.856855 8.209846 0.034591 1507 3.669189e+06 3.664222e+06 2.039624e+06 5.088270e+05 0.285296 0.796591 0.048285 0.636521 0.415758 -0.535358 0.202622 0.578039 0.629949 0.492729 -0.400841 0.088051 0.407546 2.136789 1.771794 0.689642 3.754991e+06 7.842825e+06 0 0.000000e+00 0.000000e+00 0.000000e+00 5708 10356 -1 166932 9.474128
393 309 2.516e+04 1.523e+04 0.616100 1.214663 0.488281 2.073396 0.497779 0.475671 0.477442 -3.736583 -3.947073 8.206596 -0.0123743 0.0379145 0.0217091 25871.1 0.0593544 0.000009 0.443892 -4.126080 -4.176305 8.345906 0.237755 99 1.522654e+04 1.522654e+04 0.000000e+00 0.000000e+00 4.464208 0.997832 0.034819 0.770107 0.400933 0.098477 -0.059062 0.009807 0.000000 0.000000 0.000000 0.000000 0.000000 0.187356 0.087033 2.839251 3.179241e+04 1.514700e+04 0 0.000000e+00 0.000000e+00 0.000000e+00 5709 5708 -1 309 0.752384
394 259 2.695e+04 2.166e+04 0.692891 1.220748 0.597173 1.257028 0.497576 0.479549 0.477275 -7.914138 -8.534713 7.127289 -0.192752 0.131024 0.0374657 -4560.62 0.0536839 0.000026 0.189168 -7.915911 -8.527581 6.916547 0.105977 99 2.003063e+04 2.003063e+04 0.000000e+00 0.000000e+00 3.125580 0.325902 0.100605 0.533831 0.083961 -0.012715 0.148138 0.235810 0.000000 0.000000 0.000000 0.000000 0.000000 0.555146 0.261114 0.791713 1.783021e+04 2.446200e+04 0 0.000000e+00 0.000000e+00 0.000000e+00 5760 5764 -1 354 1.567456
395 2012 1.050e+05 9.201e+04 1.122183 1.969702 1.122063 2.207604 0.496866 0.480073 0.477200 -9.406071 -7.864977 5.156123 -1.52536 -0.762957 0.444308 -20760.9 0.022991 0.000019 0.148599 -8.915687 -7.854394 5.476223 0.070887 99 8.386811e+04 8.378668e+04 3.688568e+04 0.000000e+00 0.529782 0.440471 0.067410 0.514767 0.279413 0.112045 0.132544 0.301732 0.400027 0.176954 0.074274 -0.020298 0.239924 1.115829 0.506520 0.919128 8.364532e+04 1.508220e+05 0 0.000000e+00 0.000000e+00 0.000000e+00 5764 5708 -1 2483 5.097628
396 624 2.565e+04 2.272e+04 0.703999 1.242166 0.666640 1.115769 0.498325 0.480248 0.477437 -8.139297 -7.995871 6.543207 0.0321952 0.0789113 0.0872425 -7685.88 0.0319577 0.000026 0.151802 -7.975890 -8.009333 6.209441 0.081292 99 2.174057e+04 2.174057e+04 0.000000e+00 0.000000e+00 2.954741 0.390236 0.048007 0.703058 0.228152 0.127507 0.100694 0.204495 0.000000 0.000000 0.000000 0.000000 0.000000 0.700374 0.255623 0.662302 2.047246e+04 4.365900e+04 0 0.000000e+00 0.000000e+00 0.000000e+00 5768 5708 -1 636 7.292879
397 367 4.519e+04 2.435e+04 0.720435 1.273123 0.696413 1.449072 0.495222 0.480960 0.475673 -8.842759 3.067217 3.972574 -0.102308 0.0771286 -0.0105405 917.07 0.0097866 0.000022 0.187682 -8.507747 2.790158 3.392548 0.124462 99 2.328765e+04 2.328765e+04 0.000000e+00 0.000000e+00 2.753617 0.435755 0.045086 0.550144 0.141443 0.258392 0.009717 -0.016605 0.000000 0.000000 0.000000 0.000000 0.000000 0.674809 0.253018 1.032836 1.985818e+04 2.859300e+04 0 0.000000e+00 0.000000e+00 0.000000e+00 5792 5827 -1 682 3.420084
398 178 1.335e+04 7.654e+03 0.489869 0.861190 0.488281 1.078086 0.495874 0.481030 0.475647 -7.745989 1.955104 2.945700 -0.0246913 0.00964471 -0.000330281 1685.66 0.0493733 0.000024 0.201580 -7.582399 1.930519 2.876727 0.158464 99 0.000000e+00 0.000000e+00 0.000000e+00 0.000000e+00 8.957739 0.145997 0.063977 0.564863 0.230445 0.153468 -0.037462 -0.120643 0.000000 0.000000 0.000000 0.000000 0.000000 0.198209 0.198209 1.556375 6.432242e+03 8.910000e+03 0 0.000000e+00 0.000000e+00 0.000000e+00 5793 5792 -1 178 1.221274
399 187 2.182e+04 1.938e+04 0.667672 1.172362 0.667104 1.504234 0.497790 0.481922 0.474479 -11.588526 3.025191 6.433979 0.0352675 0.0425289 0.0560902 7670.57 0.0306642 0.000022 0.201808 -11.470872 3.142591 6.287463 0.117893 99 1.498226e+04 1.498226e+04 0.000000e+00 0.000000e+00 3.493662 0.396649 0.040388 0.549463 0.248269 0.175670 0.175063 0.057038 0.000000 0.000000 0.000000 0.000000 0.000000 0.646028 0.288376 1.478610 1.976507e+04 3.231900e+04 0 0.000000e+00 0.000000e+00 0.000000e+00 5810 5822 -1 430 1.099796
400 81 1.751e+04 1.181e+04 0.566014 0.995643 0.563508 1.130525 0.498164 0.482069 0.474134 -11.073037 3.148804 6.072989 0.0193021 -0.0121393 0.0320234 1435.1 0.0228592 0.000028 0.204464 -11.130239 3.259199 5.968657 0.134773 99 9.933893e+03 9.933893e+03 0.000000e+00 0.000000e+00 5.793515 0.462118 0.046063 0.377264 0.193172 -0.043353 0.125057 0.204710 0.000000 0.000000 0.000000 0.000000 0.000000 0.525933 0.223883 1.197076 1.042919e+04 1.547100e+04 0 0.000000e+00 0.000000e+00 0.000000e+00 5817 5810 -1 243 1.320041
401 884 7.434e+04 5.032e+04 0.917699 1.611525 0.916757 1.633196 0.497452 0.481880 0.474880 -11.667501 2.756139 7.022139 0.113974 0.56324 -0.0596147 -19672.9 0.0331671 0.000028 0.208109 -11.264502 2.265325 6.618207 0.110957 99 4.527249e+04 4.519107e+04 0.000000e+00 0.000000e+00 1.365364 0.545756 0.060417 0.528313 0.198096 0.280078 0.062982 -0.201337 0.000000 0.000000 0.000000 0.000000 0.000000 0.903632 0.393708 0.793498 4.501114e+04 7.921800e+04 0 0.000000e+00 0.000000e+00 0.000000e+00 5822 5827 -1 1372 2.777225
402 4406 3.391e+05 1.921e+05 1.434213 2.519585 1.423065 4.577425 0.496550 0.482104 0.476873 -9.769357 -0.453658 4.812235 -11.8898 1.44435 8.15457 1.01809e+06 0.210206 0.000019 0.390482 -8.509306 -1.648102 4.809233 0.094823 99 1.779958e+05 1.779144e+05 9.339488e+04 0.000000e+00 0.515353 0.482325 0.162521 0.523148 0.384218 0.356035 -0.020740 0.241080 0.484083 0.351932 0.297163 0.016015 0.074232 1.362038 0.599673 2.015044 1.899392e+05 4.098600e+05 0 0.000000e+00 0.000000e+00 0.000000e+00 5827 5708 -1 8561 5.148743
403 157 1.368e+04 1.164e+04 0.563399 1.054618 0.488392 1.135866 0.497083 0.482180 0.476947 -11.106797 1.171138 2.158593 0.0110541 0.0326569 0.00996046 1227.22 0.0199789 0.000022 0.195973 -11.116118 1.164714 1.992795 0.141191 99 1.156240e+04 1.156240e+04 0.000000e+00 0.000000e+00 5.872890 0.303249 0.043035 0.884532 0.723910 -0.002684 0.103015 0.141335 0.000000 0.000000 0.000000 0.000000 0.000000 0.374112 0.109361 1.177796 1.216682e+04 1.206900e+04 0 0.000000e+00 0.000000e+00 0.000000e+00 5830 5827 -1 170 2.833849
404 158 1.824e+04 1.555e+04 0.620462 1.179847 0.498151 1.107916 0.497162 0.483295 0.477260 -11.464165 2.383636 2.743223 0.0114691 0.0290055 -0.0551058 -1521.79 0.0190394 0.000028 0.151883 -11.441817 2.330898 2.814563 0.103362 99 1.555224e+04 1.555224e+04 0.000000e+00 0.000000e+00 4.440087 0.287133 0.046870 0.487962 0.424136 0.079595 0.214856 0.005625 0.000000 0.000000 0.000000 0.000000 0.000000 0.242865 0.108387 0.875982 1.470825e+04 1.571400e+04 0 0.000000e+00 0.000000e+00 0.000000e+00 5832 5827 -1 230 4.134248
405 510 2.150e+04 1.946e+04 0.668606 1.192271 0.490533 0.936950 0.498834 0.482872 0.480218 -9.089108 4.236108 2.376529 -0.0993758 -0.126557 0.0306402 -8587.27 0.0667981 0.000023 0.089949 -9.277345 4.498582 2.524843 0.075114 99 1.889068e+04 1.889068e+04 0.000000e+00 0.000000e+00 3.449251 0.180595 0.083447 0.390439 0.134504 0.079858 -0.046691 0.236036 0.000000 0.000000 0.000000 0.000000 0.000000 0.277235 0.202713 0.504619 1.849551e+04 3.118500e+04 0 0.000000e+00 0.000000e+00 0.000000e+00 5834 5708 -1 614 15.566542
406 272 1.840e+04 1.083e+04 0.549948 0.992493 0.512338 1.337031 0.499955 0.479843 0.473610 -9.014508 -1.562432 9.880548 0.0546027 -0.00686459 0.0242792 3576.33 0.0685237 0.000020 0.183137 -9.100979 -1.713952 9.899517 0.157810 99 1.066672e+04 1.066672e+04 0.000000e+00 0.000000e+00 6.376224 0.216216 0.081393 0.709154 0.507301 0.130238 -0.053942 0.151564 0.000000 0.000000 0.000000 0.000000 0.000000 0.436528 0.144887 1.583257 9.228303e+03 1.255500e+04 0 0.000000e+00 0.000000e+00 0.000000e+00 5858 5891 -1 272 3.051817
407 155 1.262e+04 9.527e+03 0.526946 0.960789 0.488281 1.974880 0.501499 0.481280 0.471317 -7.652586 0.988725 7.689917 0.10757 0.121561 -0.00209664 17532.1 0.56413 0.000020 0.278490 -7.747621 0.999592 7.723771 0.232116 99 9.526766e+03 9.526766e+03 0.000000e+00 0.000000e+00 7.174756 1.009391 0.271993 0.859752 0.456881 0.025838 -0.040848 0.162471 0.000000 0.000000 0.000000 0.000000 0.000000 0.326682 0.125804 4.533383 1.059193e+04 9.477000e+03 0 0.000000e+00 0.000000e+00 0.000000e+00 5884 5886 -1 155 0.808095
408 216 3.452e+04 2.378e+04 0.714768 1.392993 0.492372 1.502884 0.501250 0.481330 0.471738 -6.980367 0.685477 7.238326 0.0405758 -0.157218 -0.128884 15663.1 0.0691994 0.000020 0.342493 -7.235549 0.728430 7.328565 0.153438 99 2.353193e+04 2.353193e+04 0.000000e+00 0.000000e+00 2.941403 1.285405 0.075632 0.790277 0.276045 0.200010 -0.076322 -0.132997 0.000000 0.000000 0.000000 0.000000 0.000000 0.410138 0.107686 1.506271 2.262753e+04 2.389500e+04 0 0.000000e+00 0.000000e+00 0.000000e+00 5886 5891 -1 434 1.640156
409 82 1.352e+04 1.067e+04 0.547177 1.016648 0.488281 0.868924 0.501392 0.481086 0.472309 -7.882783 -0.571441 9.441887 0.00250954 0.0229262 0.010135 384.137 0.00976871 0.000019 0.223082 -7.883630 -0.613861 9.570550 0.158083 99 1.066672e+04 1.066672e+04 0.000000e+00 0.000000e+00 6.409332 0.586857 0.034961 0.784014 0.580295 0.100347 0.048717 -0.103235 0.000000 0.000000 0.000000 0.000000 0.000000 0.330819 0.112101 1.061567 1.467399e+04 1.061100e+04 0 0.000000e+00 0.000000e+00 0.000000e+00 5888 5891 -1 166 1.937404
410 425 3.566e+04 3.102e+04 0.781051 1.427523 0.659779 1.529494 0.501846 0.481398 0.472199 -6.991799 0.774530 9.685795 0.176671 -0.119697 0.455876 -497.665 0.0154007 0.000016 0.158862 -7.154681 0.220040 9.736296 0.091626 99 3.077878e+04 3.077878e+04 0.000000e+00 0.000000e+00 2.264354 0.555305 0.117868 0.575594 0.404171 -0.146922 0.090113 0.198866 0.000000 0.000000 0.000000 0.000000 0.000000 0.266440 0.182561 0.988423 2.679135e+04 3.126600e+04 0 0.000000e+00 0.000000e+00 0.000000e+00 5889 5891 -1 445 1.841995
411 12479 8.210e+05 7.927e+05 2.300468 4.125682 1.934243 4.034217 0.500786 0.481186 0.472778 -8.821524 0.954406 8.400558 12.9034 -9.6036 10.6218 -3.48876e+06 0.014963 0.000012 0.216807 -8.733012 0.721919 8.661251 0.042459 147 7.715866e+05 7.707723e+05 3.542002e+05 0.000000e+00 0.349040 0.476823 0.020363 0.683996 0.490547 -0.370699 -0.216793 0.445642 0.445472 0.399668 0.350848 0.101753 -0.233275 0.976941 0.649350 0.657926 6.519507e+05 1.004319e+06 0 0.000000e+00 0.000000e+00 0.000000e+00 5891 5708 -1 19380 4.392024
412 595 1.164e+04 7.817e+03 0.493319 0.866597 0.492467 1.098643 0.470573 0.473317 0.509517 2.953972 3.642035 -4.402864 0.0323397 -0.0162587 -0.0213992 2312.27 0.0870185 0.000042 0.148515 2.823486 3.713135 -4.469663 0.129828 99 0.000000e+00 0.000000e+00 0.000000e+00 0.000000e+00 8.739605 0.343155 0.097974 0.191122 0.036702 0.225527 -0.013378 -0.088967 0.000000 0.000000 0.000000 0.000000 0.000000 0.206965 0.206965 1.771483 1.231358e+04 1.636200e+04 0 0.000000e+00 0.000000e+00 0.000000e+00 6113 10356 -1 624 20.738527
413 311 8.631e+03 8.387e+03 0.505029 0.898940 0.491038 0.798537 0.482403 0.470761 0.499356 -9.842441 -5.051514 22.227249 -0.0269297 -0.0073028 0.0241311 -795.461 0.0375522 0.000021 0.098924 -9.837731 -5.079159 22.224384 0.101718 99 0.000000e+00 0.000000e+00 0.000000e+00 0.000000e+00 8.126705 0.273201 0.076438 0.323401 0.226763 0.062208 -0.012387 0.166931 0.000000 0.000000 0.000000 0.000000 0.000000 0.270996 0.157054 0.760411 7.735204e+03 1.441800e+04 0 0.000000e+00 0.000000e+00 0.000000e+00 6344 10356 -1 311 21.840607
414 337 2.760e+04 1.987e+04 0.673236 1.364555 0.488281 1.486492 0.480065 0.473814 0.501640 0.420324 -18.612568 -20.954338 0.164757 -0.261971 0.126629 2197.54 0.0655005 0.000019 0.153841 0.704847 -18.371845 -20.477701 0.152166 99 1.986779e+04 1.986779e+04 0.000000e+00 0.000000e+00 3.450423 0.218793 0.164568 0.475687 0.194662 -0.123417 0.028370 0.194747 0.000000 0.000000 0.000000 0.000000 0.000000 0.231732 0.082346 1.109862 2.229159e+04 2.000700e+04 0 0.000000e+00 0.000000e+00 0.000000e+00 6518 6533 -1 350 4.186104
415 15090 1.239e+06 7.495e+05 2.257939 4.056115 1.887592 5.938540 0.481022 0.473662 0.499837 2.260806 -11.985965 -15.083100 52.4601 -0.720333 48.5765 3.01087e+06 0.0593071 0.000013 0.234061 2.983885 -12.088825 -14.463466 0.067309 280 7.285940e+05 7.284311e+05 4.197477e+05 0.000000e+00 0.294424 0.757592 0.082921 0.494571 0.346353 0.472313 0.330079 -0.119769 0.577925 0.403681 0.332940 0.266314 -0.029887 0.795653 0.625344 1.283011 6.161647e+05 8.301690e+05 0 0.000000e+00 0.000000e+00 0.000000e+00 6533 10356 -1 18601 3.571276
416 409 1.604e+04 1.466e+04 0.608315 1.077964 0.547035 0.736466 0.475803 0.469871 0.508281 8.426467 3.310273 -2.606846 -0.0431179 0.0204102 0.0141652 -6034.05 0.0345578 0.000021 0.073020 8.423102 3.177870 -2.733949 0.074011 99 1.384231e+04 1.384231e+04 0.000000e+00 0.000000e+00 4.708599 0.071963 0.040664 0.214098 0.178238 -0.074371 0.114410 0.179883 0.000000 0.000000 0.000000 0.000000 0.000000 0.354059 0.202883 0.395473 1.256810e+04 2.673000e+04 0 0.000000e+00 0.000000e+00 0.000000e+00 7497 10356 -1 420 20.386206
417 774 2.475e+04 2.402e+04 0.717208 1.260496 0.715285 1.119404 0.483439 0.469582 0.508372 -12.746308 14.790327 -1.190562 0.015986 -0.058546 0.0187064 -8783.32 0.0154742 0.000023 0.095443 -12.953962 14.844381 -1.242409 0.072531 99 2.117059e+04 2.117059e+04 0.000000e+00 0.000000e+00 2.939810 0.136788 0.022779 0.681315 0.397083 -0.108057 0.225514 -0.052424 0.000000 0.000000 0.000000 0.000000 0.000000 0.612741 0.293744 0.641172 2.391195e+04 4.301100e+04 0 0.000000e+00 0.000000e+00 0.000000e+00 7720 10356 -1 774 15.025047
418 454 1.474e+04 1.034e+04 0.541550 0.958973 0.490132 1.410927 0.481603 0.472965 0.509747 -20.425858 -15.824598 18.415043 -0.055526 -0.0704614 -0.0512212 4741.12 0.152075 0.000019 0.170176 -20.313833 -15.774521 18.478523 0.148838 99 9.852467e+03 9.852467e+03 0.000000e+00 0.000000e+00 6.693313 0.375936 0.150952 0.252714 0.128013 0.176002 0.044181 -0.118011 0.000000 0.000000 0.000000 0.000000 0.000000 0.180467 0.182887 1.870727 9.459421e+03 1.377000e+04 0 0.000000e+00 0.000000e+00 0.000000e+00 8003 10356 -1 465 12.287366
419 251 1.124e+04 1.042e+04 0.542968 0.964886 0.488281 1.254646 0.493206 0.457634 0.508758 -7.659302 8.549106 5.879857 -0.0369223 0.0196607 -0.0290953 3247.63 0.0608769 0.000024 0.127804 -7.645312 8.435030 5.903506 0.117866 99 1.001532e+04 9.933893e+03 0.000000e+00 0.000000e+00 6.515313 0.243178 0.073495 0.650827 0.263246 -0.027424 -0.043546 0.200690 0.000000 0.000000 0.000000 0.000000 0.000000 0.526327 0.172998 1.626215 8.503733e+03 1.263600e+04 0 0.000000e+00 0.000000e+00 0.000000e+00 9052 9070 -1 251 3.055765
420 181 1.458e+04 1.270e+04 0.579979 1.043457 0.488281 1.104923 0.494692 0.459086 0.508157 -6.947092 9.436852 5.505819 0.0230267 0.0781275 -0.0103661 65.5183 0.00849698 0.000029 0.138121 -6.782307 9.485287 5.590553 0.106151 99 1.172525e+04 1.172525e+04 0.000000e+00 0.000000e+00 5.384273 0.158911 0.085164 0.524281 0.277169 -0.069344 0.159780 0.150359 0.000000 0.000000 0.000000 0.000000 0.000000 0.489171 0.157920 1.008394 1.052720e+04 1.425600e+04 0 0.000000e+00 0.000000e+00 0.000000e+00 9063 9070 -1 199 2.176944
421 1893 1.116e+05 1.066e+05 1.178558 2.069393 1.173990 1.930320 0.494838 0.458062 0.508842 -6.159432 9.082183 5.271320 0.805704 0.343529 0.465085 -112475 0.0208485 0.000025 0.133423 -6.462488 9.156394 5.512137 0.053942 99 9.543051e+04 9.494195e+04 3.346582e+04 0.000000e+00 0.573980 0.375049 0.029686 0.793569 0.494893 -0.099117 0.357059 0.040801 0.659991 0.447691 0.202792 0.044302 0.123669 1.176303 0.509640 0.649112 1.393981e+05 2.409750e+05 0 0.000000e+00 0.000000e+00 0.000000e+00 9070 10356 -1 3221 22.639231
422 876 3.306e+04 3.265e+04 0.794485 1.395769 0.787039 1.132818 0.486979 0.468417 0.507918 -12.759077 13.367431 3.871784 -0.0472561 0.00294734 0.101947 -19001.7 0.0186998 0.000020 0.090922 -12.855381 13.245346 3.753682 0.058265 99 2.687037e+04 2.687037e+04 0.000000e+00 0.000000e+00 2.019464 0.204717 0.024171 0.424770 0.294837 -0.164866 0.224772 -0.062839 0.000000 0.000000 0.000000 0.000000 0.000000 0.788974 0.331683 0.530073 3.320564e+04 6.779700e+04 0 0.000000e+00 0.000000e+00 0.000000e+00 9217 10356 -1 929 19.567783
423 387 8.550e+03 8.305e+03 0.503390 0.885200 0.501484 0.512208 0.468009 0.480029 0.501172 12.076118 -12.156732 6.378869 -0.00597543 -0.000890744 -0.00599249 -2358.11 0.0152824 0.000035 0.063159 12.069438 -12.159946 6.381583 0.062060 99 0.000000e+00 0.000000e+00 0.000000e+00 0.000000e+00 8.178508 0.193044 0.017919 0.368341 0.167467 0.104347 -0.047946 0.162794 0.000000 0.000000 0.000000 0.000000 0.000000 0.456534 0.201484 0.286860 1.024001e+04 2.608200e+04 0 0.000000e+00 0.000000e+00 0.000000e+00 9366 10356 -1 444 32.469002
424 662 2.500e+04 2.378e+04 0.714768 1.256904 0.712063 0.872998 0.481857 0.481769 0.498248 2.044751 -19.028585 15.980739 -0.0284256 -0.0264876 0.000502533 -13767.1 0.0121603 0.000033 0.075148 2.109721 -18.899893 15.955243 0.056896 99 2.157772e+04 2.157772e+04 0.000000e+00 0.000000e+00 2.803145 0.169246 0.014176 0.682969 0.440386 0.201449 -0.192199 0.003659 0.000000 0.000000 0.000000 0.000000 0.000000 0.709296 0.286097 0.414855 2.156325e+04 4.228200e+04 0 0.000000e+00 0.000000e+00 0.000000e+00 9524 10356 -1 683 19.323261
425 352 1.800e+04 1.515e+04 0.615000 1.158135 0.488281 1.115390 0.485212 0.480755 0.502887 -1.165585 3.863383 -14.897407 -0.0868255 0.0793466 0.0121501 -1688.27 0.0400165 0.000016 0.109505 -0.910124 3.754510 -14.914906 0.112620 99 1.506369e+04 1.506369e+04 0.000000e+00 0.000000e+00 4.587945 0.134649 0.091482 0.485904 0.213419 0.006144 -0.033086 0.192787 0.000000 0.000000 0.000000 0.000000 0.000000 0.119213 0.114534 0.846498 1.453627e+04 1.352700e+04 0 0.000000e+00 0.000000e+00 0.000000e+00 9678 10356 -1 352 12.353220
426 463184 6.457e+07 6.457e+07 9.972148 17.810888 8.007067 19.932272 0.481539 0.476784 0.506189 -5.596492 -6.822594 2.545179 7358.22 -19207.6 6785.06 -5.03546e+09 0.0106669 0.000007 0.102512 -3.810452 -5.588922 2.925047 0.022384 33458 6.245243e+07 6.242238e+07 3.867517e+07 1.129948e+07 0.691432 2.203683 0.014949 0.395607 0.291994 -0.345716 0.205573 1.588511 0.321473 0.225705 -0.421672 0.109814 1.234328 2.881996 2.960370 0.718503 5.247962e+07 6.886937e+07 0 0.000000e+00 0.000000e+00 0.000000e+00 10356 -1 -1 1521137 10000000000.000000
427 453 3.689e+04 2.378e+04 0.714768 1.517841 0.488281 2.733802 0.481578 0.476971 0.506509 -3.497366 -6.389028 2.868725 0.0321225 -0.0465819 -0.00777772 61596 0.0378085 0.000006 0.537834 -3.790087 -6.832942 1.876119 0.277092 99 2.377620e+04 2.377620e+04 2.377620e+04 0.000000e+00 2.901817 0.664518 0.020838 0.557161 0.426785 -0.052579 -0.046431 0.063453 0.557161 0.426785 -0.052579 -0.046431 0.063453 0.193690 0.070219 2.906842 7.600038e+04 2.365200e+04 0 0.000000e+00 0.000000e+00 0.000000e+00 10360 10356 -1 453 0.428596
428 691 2.093e+04 1.287e+04 0.582447 1.084247 0.488281 1.797200 0.478648 0.481774 0.506785 -15.623639 9.141234 12.674544 0.0617018 0.0612184 -0.0482296 13300.2 0.14197 0.000018 0.202801 -15.095081 8.702116 12.879556 0.184931 99 1.262093e+04 1.262093e+04 0.000000e+00 0.000000e+00 5.257822 0.359152 0.100935 0.709359 0.516063 -0.003784 0.101654 0.166017 0.000000 0.000000 0.000000 0.000000 0.000000 0.105083 0.117655 2.660133 1.246771e+04 1.134000e+04 0 0.000000e+00 0.000000e+00 0.000000e+00 10635 10356 -1 691 9.139998
429 1272 1.035e+05 6.115e+04 0.979304 1.824508 0.742990 2.397834 0.479374 0.480409 0.508121 -9.709273 0.159864 23.541435 -0.560131 0.246798 0.0302746 27704.9 0.0256471 0.000017 0.134108 -9.977654 1.019673 23.101799 0.102042 99 6.041761e+04 6.033618e+04 4.144550e+04 0.000000e+00 1.139391 0.343194 0.046311 0.649434 0.617145 -0.016919 -0.000711 0.304499 0.593715 0.252615 -0.143991 0.009887 0.177172 0.325742 0.196635 1.181037 5.300854e+04 6.277500e+04 0 0.000000e+00 0.000000e+00 0.000000e+00 10639 10356 -1 1509 7.276469
430 552 1.238e+04 1.026e+04 0.540125 0.949272 0.538677 1.602688 0.480463 0.480762 0.509240 -4.120698 0.377533 23.064821 0.110669 -0.0152245 -0.0202659 8496.22 0.228207 0.000024 0.184522 -4.306394 0.505979 23.157318 0.176188 99 8.956788e+03 8.956788e+03 0.000000e+00 0.000000e+00 6.903781 0.307372 0.168118 0.417250 0.171439 0.127229 0.004689 0.169168 0.000000 0.000000 0.000000 0.000000 0.000000 0.536622 0.221220 2.703360 1.202918e+04 2.114100e+04 0 0.000000e+00 0.000000e+00 0.000000e+00 10641 10356 -1 581 9.902417
431 677 2.614e+04 2.361e+04 0.713133 1.266778 0.554563 1.079222 0.483815 0.478542 0.499547 -12.938917 -11.361218 24.414139 -0.0786938 -0.0248928 -0.00877634 -8885.64 0.0212302 0.000028 0.106362 -12.710906 -11.662784 24.350529 0.075118 99 2.247340e+04 2.247340e+04 0.000000e+00 0.000000e+00 2.916822 0.354910 0.030631 0.429707 0.182819 -0.065486 -0.105076 0.234311 0.000000 0.000000 0.000000 0.000000 0.000000 0.650563 0.228596 0.637964 1.924437e+04 3.361500e+04 0 0.000000e+00 0.000000e+00 0.000000e+00 10722 10356 -1 677 17.694817
432 5075 2.961e+05 2.615e+05 1.589465 2.848053 1.391115 3.275185 0.483382 0.480814 0.500136 -13.850102 -5.462306 21.981016 -5.81298 -11.0816 20.0473 9652.4 0.0154432 0.000013 0.131321 -13.360197 -4.114457 22.755774 0.066417 116 2.540471e+05 2.539657e+05 9.274347e+04 0.000000e+00 0.320322 1.209017 0.158552 0.694757 0.471890 0.357698 -0.117482 0.295896 0.757413 0.360974 -0.154251 0.214608 -0.035624 0.443535 0.453348 1.006009 2.153329e+05 2.731320e+05 0 0.000000e+00 0.000000e+00 0.000000e+00 10749 10356 -1 6639 6.641907
433 1460 8.672e+04 5.610e+04 0.951577 1.691154 0.899808 2.158133 0.483572 0.476260 0.501553 -14.439260 -7.645092 30.103109 -0.985722 -0.329791 -1.34764 15670.7 0.0664428 0.000026 0.225107 -14.594530 -7.559960 29.829569 0.103375 99 5.463641e+04 5.463641e+04 2.499758e+04 0.000000e+00 1.241573 0.251823 0.148469 0.501726 0.323372 -0.180891 -0.163023 0.247176 0.232540 0.092444 -0.112684 -0.171784 0.172437 0.943007 0.302789 1.132843 4.784393e+04 7.516800e+04 0 0.000000e+00 0.000000e+00 0.000000e+00 10759 10076 -1 1706 4.838716
434 524 1.767e+04 1.588e+04 0.624764 1.096834 0.624443 1.178857 0.484146 0.478621 0.501421 -18.790577 -7.155149 23.132105 -0.035951 0.0705552 0.115204 -55.246 0.00760445 0.000028 0.092745 -18.769438 -7.011418 22.933405 0.096848 99 1.408658e+04 1.408658e+04 0.000000e+00 0.000000e+00 4.327609 0.328731 0.099971 0.527698 0.447585 0.115837 0.175848 -0.117924 0.000000 0.000000 0.000000 0.000000 0.000000 0.610950 0.273994 0.995139 1.359916e+04 2.543400e+04 0 0.000000e+00 0.000000e+00 0.000000e+00 10762 10076 -1 524 9.061510
435 328 1.572e+04 8.305e+03 0.503390 0.886284 0.500258 1.411884 0.483573 0.478789 0.505230 -10.354357 -6.355124 9.879734 -0.00625248 -0.0144705 -0.00130148 4862.47 0.0407915 0.000025 0.208028 -10.270725 -6.089232 9.727137 0.192114 99 0.000000e+00 0.000000e+00 0.000000e+00 0.000000e+00 8.252962 0.291281 0.033309 0.784334 0.566583 0.066082 0.142422 -0.094177 0.000000 0.000000 0.000000 0.000000 0.000000 0.329219 0.193371 2.309869 7.129158e+03 1.336500e+04 0 0.000000e+00 0.000000e+00 0.000000e+00 10785 10356 -1 328 5.733505
436 571 1.205e+04 1.050e+04 0.544378 0.956461 0.543244 1.080825 0.480457 0.484280 0.507407 0.738336 4.723932 12.534041 0.0754711 0.0242274 0.0474529 917.094 0.0575226 0.000034 0.110543 0.669145 4.780302 12.373917 0.116498 99 9.608190e+03 9.608190e+03 0.000000e+00 0.000000e+00 6.577572 0.151449 0.131542 0.370602 0.312006 -0.114227 0.152627 0.135513 0.000000 0.000000 0.000000 0.000000 0.000000 0.539918 0.226200 1.176276 1.080867e+04 2.065500e+04 0 0.000000e+00 0.000000e+00 0.000000e+00 11068 10356 -1 571 12.866287
437 129 1.050e+04 9.201e+03 0.520871 0.935829 0.488281 0.922089 0.478152 0.485478 0.494333 2.813326 -16.576862 10.369899 0.00812255 0.000595575 0.00212701 -342.251 0.00445835 0.000025 0.124260 2.793916 -16.591360 10.326602 0.104763 99 9.119639e+03 9.119639e+03 0.000000e+00 0.000000e+00 7.450362 0.245925 0.014944 0.716706 0.488927 -0.069193 0.158995 -0.112343 0.000000 0.000000 0.000000 0.000000 0.000000 0.390496 0.144003 0.919956 8.188284e+03 9.153000e+03 0 0.000000e+00 0.000000e+00 0.000000e+00 11118 11180 -1 129 2.591840
438 315 1.930e+04 1.515e+04 0.615000 1.137514 0.488281 1.253948 0.478074 0.487241 0.494629 -1.936637 -15.849263 13.246305 -0.0062848 0.00636774 0.0651266 66.4697 0.00441429 0.000013 0.181056 -1.759510 -15.778419 13.127987 0.120314 99 1.473799e+04 1.473799e+04 0.000000e+00 0.000000e+00 4.519399 0.089364 0.050859 0.788328 0.295751 0.160328 0.034989 -0.108950 0.000000 0.000000 0.000000 0.000000 0.000000 0.120146 0.130386 1.005872 1.324282e+04 1.320300e+04 0 0.000000e+00 0.000000e+00 0.000000e+00 11134 11180 -1 315 2.850353
439 12358 4.465e+05 3.887e+05 1.814116 3.451963 1.094375 4.675471 0.481329 0.487911 0.494795 7.547067 -13.292953 11.244098 2.5915 17.6095 32.387 1.3831e+06 0.107255 0.000010 0.275200 6.060474 -15.051982 11.958387 0.071250 118 3.700782e+05 3.699968e+05 2.912585e+05 0.000000e+00 0.503008 1.909568 0.128019 0.813867 0.732809 0.273177 0.295405 -0.153518 0.764049 0.657026 0.122350 0.331674 -0.140473 0.363801 0.315552 1.389235 6.479621e+05 3.289410e+05 0 0.000000e+00 0.000000e+00 0.000000e+00 11158 10356 -1 24560 9.232770
440 648 6.376e+04 5.048e+04 0.918688 1.634850 0.854750 2.071534 0.478300 0.484903 0.495823 0.503485 -16.597355 12.663188 1.16563 0.411012 0.218675 23063.2 0.077392 0.000020 0.190125 0.690229 -17.037371 12.957003 0.101889 99 4.885521e+04 4.885521e+04 0.000000e+00 0.000000e+00 1.405429 0.636152 0.130554 0.638983 0.332841 0.286123 -0.099965 0.090153 0.000000 0.000000 0.000000 0.000000 0.000000 0.880185 0.286686 1.240066 4.288222e+04 6.658200e+04 0 0.000000e+00 0.000000e+00 0.000000e+00 11164 11174 -1 1056 1.487140
441 165 2.606e+04 2.378e+04 0.714768 1.483669 0.488281 1.598823 0.478551 0.485901 0.494973 2.904945 -16.599159 11.220113 0.0564753 -0.0397605 0.0500072 4327.84 0.0149621 0.000017 0.162897 3.126909 -16.525299 11.053303 0.108972 99 2.369478e+04 2.369478e+04 2.279910e+04 0.000000e+00 2.794725 0.314582 0.031110 0.686769 0.454529 0.079227 0.159549 0.136870 0.685670 0.399433 0.092983 0.115981 0.139636 0.159366 0.077919 1.158929 2.743254e+04 2.357100e+04 0 0.000000e+00 0.000000e+00 0.000000e+00 11171 11180 -1 322 1.559525
442 167 1.026e+04 9.445e+03 0.525441 0.929579 0.490410 0.951540 0.477995 0.485756 0.495702 0.632787 -15.319918 12.450433 0.0275032 -0.00266707 -0.0366027 -133.794 0.0142245 0.000015 0.111236 0.595516 -15.414799 12.458643 0.100233 99 8.956788e+03 8.956788e+03 0.000000e+00 0.000000e+00 7.328617 0.189365 0.077943 0.476412 0.135137 -0.048113 0.187225 -0.042934 0.000000 0.000000 0.000000 0.000000 0.000000 0.176237 0.180516 0.968895 8.163136e+03 1.198800e+04 0 0.000000e+00 0.000000e+00 0.000000e+00 11172 11174 -1 167 1.968775
443 746 1.445e+05 1.247e+05 1.241736 2.264495 1.011963 2.453557 0.478374 0.485742 0.495410 1.281687 -15.101805 11.206511 -2.89939 1.35413 -1.62256 -71491.2 0.0406479 0.000022 0.260118 1.126326 -16.004690 12.026096 0.069264 99 1.236037e+05 1.236037e+05 7.417849e+04 0.000000e+00 0.723526 0.876372 0.082720 0.424861 0.351606 -0.009632 0.334778 -0.198155 0.377347 0.293037 -0.068506 0.255210 -0.132530 0.866739 0.295963 0.859046 1.059967e+05 1.338120e+05 0 0.000000e+00 0.000000e+00 0.000000e+00 11174 11180 -1 2156 1.394871
444 3967 6.995e+05 6.932e+05 2.199877 3.963870 1.623151 3.827920 0.478513 0.486629 0.494642 2.325919 -16.887611 11.996911 22.2645 -3.0214 -25.0099 -3.04932e+06 0.0341202 0.000014 0.152396 2.123488 -16.731991 11.797189 0.042406 138 6.654079e+05 6.648379e+05 3.589229e+05 0.000000e+00 0.495233 0.366596 0.044415 0.610415 0.286058 0.194748 0.589064 -0.221159 0.364125 0.221455 0.070682 0.335643 -0.269653 0.681973 0.589256 0.626444 5.630921e+05 7.706340e+05 0 0.000000e+00 0.000000e+00 0.000000e+00 11180 11158 -1 10192 2.451428
445 146 1.173e+04 9.364e+03 0.523926 0.952541 0.488281 1.550804 0.478688 0.486079 0.495233 3.094309 -16.478661 11.326256 0.0315096 -0.0171285 -0.0087419 7530.29 0.0877745 0.000019 0.201225 3.262014 -16.608534 10.916468 0.191737 99 9.363915e+03 9.363915e+03 0.000000e+00 0.000000e+00 7.377182 0.495773 0.063655 0.588544 0.504257 -0.084911 0.126201 -0.073162 0.000000 0.000000 0.000000 0.000000 0.000000 0.111680 0.128402 2.717054 1.111402e+04 9.315000e+03 0 0.000000e+00 0.000000e+00 0.000000e+00 11184 11171 -1 146 0.608995
446 477 2.972e+04 2.834e+04 0.757816 1.339298 0.725942 1.137555 0.478910 0.485895 0.496422 3.488590 -17.855980 8.589478 0.00371244 0.0680619 -0.0855128 -13445.7 0.0218121 0.000018 0.134727 3.478315 -18.131657 8.638768 0.073878 99 2.621896e+04 2.621896e+04 0.000000e+00 0.000000e+00 2.397091 0.305835 0.029781 0.399940 0.175711 -0.093577 0.063383 0.244560 0.000000 0.000000 0.000000 0.000000 0.000000 0.713727 0.265679 0.597577 2.453807e+04 4.033800e+04 0 0.000000e+00 0.000000e+00 0.000000e+00 11187 11180 -1 554 3.456236
447 591 1.033e+05 9.559e+04 1.136563 2.297584 0.710814 2.389930 0.479015 0.487649 0.495000 2.335923 -14.996314 13.187369 0.891505 2.83516 1.19347 -68490.1 0.068972 0.000017 0.238144 2.787865 -15.276914 13.254268 0.084365 99 9.486053e+04 9.486053e+04 8.460094e+04 0.000000e+00 0.765681 0.532966 0.114939 0.471128 0.233707 -0.109199 -0.217011 0.254506 0.267684 0.175140 0.062113 0.216561 -0.213458 0.314483 0.140866 0.808976 9.698780e+04 9.655200e+04 0 0.000000e+00 0.000000e+00 0.000000e+00 11195 11180 -1 1399 1.539794
448 389 3.224e+04 3.045e+04 0.776238 1.606234 0.488281 1.627439 0.478770 0.487368 0.495512 3.837805 -16.818048 13.678496 0.234333 0.364699 -0.467139 509.318 0.0206617 0.000014 0.134404 3.386560 -16.408428 13.745672 0.089661 99 3.029023e+04 3.029023e+04 2.784747e+04 0.000000e+00 2.328725 0.563279 0.153915 0.666529 0.362332 0.188171 -0.103979 -0.107956 0.557804 0.210196 0.168903 -0.097247 -0.071422 0.109350 0.085875 1.011672 3.346234e+04 2.462400e+04 0 0.000000e+00 0.000000e+00 0.000000e+00 11202 11195 -1 404 1.263039
449 1213 5.626e+04 5.382e+04 0.938508 1.648156 0.936024 1.859668 0.483855 0.482559 0.502344 2.308003 -22.596386 16.788948 1.06667 -0.807892 0.843696 3443.8 0.0321143 0.000033 0.182439 2.425991 -22.215370 17.116440 0.073007 99 4.893663e+04 4.893663e+04 0.000000e+00 0.000000e+00 1.205977 0.451392 0.147876 0.431859 0.307473 0.037115 0.299359 -0.180220 0.000000 0.000000 0.000000 0.000000 0.000000 0.935178 0.401073 1.035640 4.875917e+04 9.250200e+04 0 0.000000e+00 0.000000e+00 0.000000e+00 11228 10356 -1 1470 13.788246
450 190 8.794e+03 8.550e+03 0.508277 0.905840 0.488281 0.866583 0.484407 0.482698 0.501902 2.578765 -20.826904 18.055338 0.0187225 0.00577673 0.0196744 -535.535 0.0221033 0.000032 0.092890 2.556321 -20.828955 18.046700 0.090310 99 0.000000e+00 0.000000e+00 0.000000e+00 0.000000e+00 8.029087 0.273317 0.055718 0.435579 0.297131 0.038459 0.101781 0.173748 0.000000 0.000000 0.000000 0.000000 0.000000 0.285197 0.155340 0.846185 7.198830e+03 1.166400e+04 0 0.000000e+00 0.000000e+00 0.000000e+00 11229 11228 -1 190 1.599771
451 391 3.265e+04 3.045e+04 0.776238 1.366173 0.771969 1.489566 0.480254 0.471923 0.509446 -8.193621 20.273832 -1.893452 -0.229969 -0.228745 -0.223137 -1289.51 0.0203101 0.000032 0.149091 -8.156608 20.216391 -1.828375 0.079088 99 2.727749e+04 2.727749e+04 0.000000e+00 0.000000e+00 2.248152 0.130958 0.095085 0.455211 0.141195 -0.102528 0.303926 -0.073965 0.000000 0.000000 0.000000 0.000000 0.000000 0.770571 0.301545 0.964017 3.067968e+04 5.475600e+04 0 0.000000e+00 0.000000e+00 0.000000e+00 11455 10356 -1 951 15.868935
452 252 2.036e+04 1.523e+04 0.616100 1.169126 0.490418 1.325144 0.480059 0.478170 0.509043 2.750099 22.303078 -7.998012 0.00396935 -0.0955499 0.00304374 1715.35 0.0322041 0.000016 0.163244 3.393736 22.175875 -8.181680 0.133033 99 1.514511e+04 1.514511e+04 0.000000e+00 0.000000e+00 4.655050 0.286291 0.073369 0.607727 0.315879 0.127096 0.163123 -0.046339 0.000000 0.000000 0.000000 0.000000 0.000000 0.197841 0.109070 1.143113 1.408615e+04 1.522800e+04 0 0.000000e+00 0.000000e+00 0.000000e+00 11480 11482 -1 252 1.298980
453 5681 4.543e+05 3.407e+05 1.736074 3.182801 1.304032 3.609946 0.480020 0.478805 0.509073 5.215831 20.725937 -7.488466 7.63636 12.0887 -11.918 -343256 0.0374273 0.000014 0.306178 3.849527 20.485826 -8.416044 0.068720 101 3.309126e+05 3.309126e+05 2.084489e+05 0.000000e+00 0.258959 1.259648 0.080338 0.643137 0.555328 0.427676 0.200794 -0.079234 0.357245 0.206487 0.289906 0.162137 -0.185586 0.292564 0.395237 0.877063 2.861409e+05 2.451870e+05 0 0.000000e+00 0.000000e+00 0.000000e+00 11482 10356 -1 7768 5.242895
454 197 3.957e+04 2.654e+04 0.741498 1.533249 0.511292 1.834879 0.480668 0.478829 0.509652 4.278769 19.801294 -9.044291 -0.0995281 -0.027681 -0.255386 8436.77 0.0512462 0.000018 0.366592 4.475192 19.374222 -9.271534 0.182368 99 2.654466e+04 2.654466e+04 2.548613e+04 0.000000e+00 2.515813 0.350304 0.083654 0.574457 0.441770 0.189621 0.150773 -0.079796 0.541465 0.357601 0.191842 0.115138 -0.032168 0.508912 0.082310 1.228552 2.941168e+04 2.640600e+04 0 0.000000e+00 0.000000e+00 0.000000e+00 11492 11498 -1 486 0.606862
455 111 9.934e+03 8.550e+03 0.508277 0.905840 0.488281 1.232252 0.480877 0.478954 0.509607 4.560348 19.190296 -8.939995 -0.00741204 0.00382728 0.00744415 2797.61 0.0203419 0.000016 0.140974 4.540013 19.135704 -8.911338 0.129615 99 0.000000e+00 0.000000e+00 0.000000e+00 0.000000e+00 8.083625 0.268896 0.022435 0.766437 0.603640 -0.019707 0.066272 0.127281 0.000000 0.000000 0.000000 0.000000 0.000000 0.146969 0.155340 1.783079 1.044275e+04 8.586000e+03 0 0.000000e+00 0.000000e+00 0.000000e+00 11493 11492 -1 128 0.646965
456 374 3.876e+04 2.369e+04 0.713951 1.305359 0.587832 2.715110 0.481758 0.476703 0.506113 -13.983406 16.228571 30.943888 0.389157 -0.231194 -0.0246536 64116.9 0.308798 0.000019 0.424662 -13.812575 16.415493 30.334501 0.223581 99 2.328765e+04 2.328765e+04 0.000000e+00 0.000000e+00 2.953336 0.877106 0.166343 0.267239 0.087735 -0.087752 0.153205 0.172342 0.000000 0.000000 0.000000 0.000000 0.000000 0.407988 0.166353 3.136543 2.030140e+04 2.640600e+04 0 0.000000e+00 0.000000e+00 0.000000e+00 11519 11546 -1 589 1.644684
457 187 1.523e+04 8.794e+03 0.513073 0.923096 0.488281 1.461726 0.480986 0.477535 0.508417 -10.739087 13.202181 26.478596 -0.0213361 -0.0270492 0.0467334 5047.23 0.132237 0.000018 0.266050 -10.641503 12.800525 26.773445 0.241708 99 8.793938e+03 8.793938e+03 0.000000e+00 0.000000e+00 7.858348 0.292241 0.111166 0.565127 0.219918 -0.080907 0.128184 0.105958 0.000000 0.000000 0.000000 0.000000 0.000000 0.297140 0.139681 2.127902 1.064902e+04 8.748000e+03 0 0.000000e+00 0.000000e+00 0.000000e+00 11543 11567 -1 187 3.101391
458 296 1.629e+04 1.107e+04 0.554052 0.973369 0.552998 1.420244 0.481715 0.475872 0.508779 3.757572 17.465786 18.913376 -0.120084 0.0410426 -0.076988 5262.25 0.193989 0.000034 0.160093 3.799683 17.508011 18.948225 0.139489 99 1.009674e+04 1.009674e+04 0.000000e+00 0.000000e+00 6.240904 0.316717 0.193528 0.143107 0.135312 0.077904 0.189819 0.099235 0.000000 0.000000 0.000000 0.000000 0.000000 0.533679 0.231330 1.864779 9.714328e+03 1.530900e+04 0 0.000000e+00 0.000000e+00 0.000000e+00 11622 10356 -1 353 12.848985
459 302 3.493e+04 1.775e+04 0.648420 1.271780 0.488281 1.954581 0.482319 0.476245 0.509399 -4.273241 -20.788687 -5.678920 0.215028 0.136891 0.0418004 19643.8 0.200505 0.000019 0.224907 -3.180405 -21.157335 -5.008410 0.152297 99 1.742502e+04 1.742502e+04 0.000000e+00 0.000000e+00 3.830424 0.616034 0.153393 0.480008 0.335331 -0.107659 0.169879 0.094192 0.000000 0.000000 0.000000 0.000000 0.000000 0.133717 0.094246 2.126026 1.798368e+04 1.684800e+04 0 0.000000e+00 0.000000e+00 0.000000e+00 12076 10356 -1 503 6.456413
460 172 1.352e+04 1.132e+04 0.558096 1.025229 0.498467 1.880142 0.482072 0.476593 0.509518 -2.520226 -22.738577 -4.342567 -0.0358093 -0.105215 -0.0428926 13528.7 0.23639 0.000017 0.219004 -2.324576 -22.600040 -4.035128 0.172572 99 1.123670e+04 1.123670e+04 0.000000e+00 0.000000e+00 6.043241 0.363566 0.149763 0.644073 0.491086 0.166775 -0.077597 -0.010842 0.000000 0.000000 0.000000 0.000000 0.000000 0.144524 0.124955 3.082005 1.026189e+04 1.125900e+04 0 0.000000e+00 0.000000e+00 0.000000e+00 12077 12076 -1 172 1.330571
461 722 2.891e+04 2.801e+04 0.754902 1.327137 0.717434 1.286504 0.488587 0.479527 0.501842 -17.557158 -3.990411 17.520775 0.125603 0.0865328 -0.0458092 -7534.61 0.0244762 0.000026 0.105474 -17.715940 -4.018875 17.424417 0.070346 99 2.638181e+04 2.621896e+04 0.000000e+00 0.000000e+00 2.577697 0.180705 0.044215 0.904121 0.572982 0.263817 -0.040828 0.025932 0.000000 0.000000 0.000000 0.000000 0.000000 0.750665 0.305249 0.767030 2.672475e+04 5.394600e+04 0 0.000000e+00 0.000000e+00 0.000000e+00 12405 10356 -1 739 18.574499
462 710 2.573e+04 2.019e+04 0.676895 1.280337 0.535829 1.456107 0.488503 0.482171 0.504875 9.171747 -1.455580 -3.133002 0.0295722 0.115465 0.0502798 3390.8 0.0302235 0.000025 0.183541 9.296682 -1.530262 -3.332934 0.158245 99 2.019349e+04 2.019349e+04 0.000000e+00 0.000000e+00 3.370895 0.245724 0.061964 0.568392 0.254016 -0.112357 0.229612 -0.061280 0.000000 0.000000 0.000000 0.000000 0.000000 0.425782 0.122395 1.174945 1.847336e+04 2.227500e+04 0 0.000000e+00 0.000000e+00 0.000000e+00 12442 10356 -1 755 13.452044
463 386 1.010e+04 9.038e+03 0.517780 0.908870 0.517677 1.105737 0.488918 0.478958 0.508465 -16.441397 -18.441553 -14.562482 -0.0158045 0.0159315 -0.0617435 1477.12 0.0755869 0.000023 0.119052 -16.419054 -18.412846 -14.605169 0.113958 99 0.000000e+00 0.000000e+00 0.000000e+00 0.000000e+00 7.668196 0.351750 0.120155 0.257638 0.121654 0.094354 0.140127 0.130619 0.000000 0.000000 0.000000 0.000000 0.000000 0.367439 0.231668 1.375481 7.978167e+03 1.895400e+04 0 0.000000e+00 0.000000e+00 0.000000e+00 12475 10356 -1 401 20.011097
464 379 1.669e+04 9.608e+03 0.528443 0.930302 0.525260 1.048468 0.488019 0.484224 0.506183 -6.238317 -0.537774 -0.693640 0.0341146 0.0177425 -0.00764616 1118.09 0.0336817 0.000034 0.118245 -6.180264 -0.790485 -0.599899 0.103344 99 0.000000e+00 0.000000e+00 0.000000e+00 0.000000e+00 7.191061 0.104634 0.064757 0.419222 0.309001 0.215628 0.036729 0.002100 0.000000 0.000000 0.000000 0.000000 0.000000 0.480062 0.203607 1.253799 1.412355e+04 2.891700e+04 0 0.000000e+00 0.000000e+00 0.000000e+00 12555 10356 -1 444 17.094915
465 323 1.303e+04 8.468e+03 0.506658 0.901475 0.488281 1.215570 0.488165 0.485128 0.506622 -4.521658 2.388914 -0.942376 0.0301633 -0.0111958 0.00958683 2776.82 0.0623277 0.000023 0.166072 -4.611506 2.145914 -0.903442 0.137019 99 0.000000e+00 0.000000e+00 0.000000e+00 0.000000e+00 8.291335 0.148618 0.068444 0.601360 0.213641 -0.078231 0.139321 0.110168 0.000000 0.000000 0.000000 0.000000 0.000000 0.344753 0.158487 1.773918 7.662396e+03 1.620000e+04 0 0.000000e+00 0.000000e+00 0.000000e+00 12562 10356 -1 343 18.990036
466 444 3.754e+04 3.045e+04 0.776238 1.364082 0.770197 1.600898 0.484922 0.487194 0.506459 1.518708 2.591374 3.508548 0.0560639 -0.062729 -0.0813473 3523.93 0.00998015 0.000033 0.172198 1.216772 2.435393 3.505864 0.093196 99 2.711464e+04 2.711464e+04 0.000000e+00 0.000000e+00 2.357280 0.261884 0.028264 0.551327 0.505201 0.254586 -0.099808 0.107828 0.000000 0.000000 0.000000 0.000000 0.000000 0.770891 0.319655 1.091996 2.692959e+04 4.349700e+04 0 0.000000e+00 0.000000e+00 0.000000e+00 12593 10356 -1 727 17.592085
467 252 1.751e+04 1.026e+04 0.540125 0.953531 0.533876 1.139243 0.485845 0.486668 0.506650 2.418744 1.262110 4.728827 -0.00809294 -0.0142725 -0.0513982 1480.39 0.0452683 0.000024 0.160101 2.342480 1.345074 4.764304 0.115603 99 9.526766e+03 9.526766e+03 0.000000e+00 0.000000e+00 6.742959 0.143097 0.079893 0.325818 0.150711 0.138065 -0.140123 0.105567 0.000000 0.000000 0.000000 0.000000 0.000000 0.532021 0.193761 1.269594 9.846524e+03 1.514700e+04 0 0.000000e+00 0.000000e+00 0.000000e+00 12596 10356 -1 266 18.359135
468 285 2.247e+04 1.751e+04 0.645432 1.134948 0.637041 1.080760 0.487521 0.485226 0.506984 6.316868 2.778593 5.305684 0.0880605 -0.045384 -0.00233398 -894.491 0.0169925 0.000025 0.168412 5.835356 2.830182 5.610757 0.096157 99 1.498226e+04 1.498226e+04 0.000000e+00 0.000000e+00 3.955173 0.512080 0.060219 0.917665 0.449446 0.201640 -0.076561 0.088624 0.000000 0.000000 0.000000 0.000000 0.000000 0.635968 0.258597 0.936147 1.533801e+04 2.519100e+04 0 0.000000e+00 0.000000e+00 0.000000e+00 12602 10356 -1 437 18.606777
469 96 1.344e+04 8.550e+03 0.508277 0.901475 0.488281 0.950880 0.487838 0.485823 0.507510 4.256311 -1.761221 4.999358 0.00654206 -0.0162805 -0.00853703 605.837 0.0165207 0.000028 0.246307 4.272635 -1.683994 4.862669 0.221191 99 0.000000e+00 0.000000e+00 0.000000e+00 0.000000e+00 8.090977 0.434619 0.039154 0.799006 0.444174 -0.084604 0.164181 0.061335 0.000000 0.000000 0.000000 0.000000 0.000000 0.273024 0.167049 1.148016 7.765475e+03 8.586000e+03 0 0.000000e+00 0.000000e+00 0.000000e+00 12605 12616 -1 176 2.529488
470 324 1.580e+04 1.327e+04 0.588528 1.038429 0.539465 1.145223 0.486321 0.485845 0.507065 3.596894 3.277660 6.261219 -0.0103701 0.0867883 -0.00737887 651.28 0.0256454 0.000027 0.138973 3.586956 3.089162 6.195335 0.106674 99 1.237665e+04 1.237665e+04 0.000000e+00 0.000000e+00 5.280259 0.041986 0.084564 0.697976 0.442608 0.191903 -0.036837 0.107930 0.000000 0.000000 0.000000 0.000000 0.000000 0.524122 0.213666 1.077964 1.130381e+04 1.944000e+04 0 0.000000e+00 0.000000e+00 0.000000e+00 12607 10356 -1 324 18.460327
471 1108 5.317e+04 4.242e+04 0.866929 1.523586 0.859678 2.040407 0.487620 0.486765 0.506950 4.819210 0.413131 2.946805 -0.383048 0.0822457 -0.115718 24668.9 0.0402436 0.000024 0.145910 4.929996 0.188093 3.240034 0.102423 99 3.843276e+04 3.843276e+04 0.000000e+00 0.000000e+00 1.720428 0.332155 0.056782 0.571030 0.296757 -0.102566 0.249721 -0.135545 0.000000 0.000000 0.000000 0.000000 0.000000 0.859758 0.355558 1.355305 3.706332e+04 5.961600e+04 0 0.000000e+00 0.000000e+00 0.000000e+00 12616 10356 -1 1348 13.494139
